,average_time_per_learning_session,preferred_difficulty_level,community_engagement_level,monthly_active_learning_days,recent_learning_achievement,customer_inquiry_history,target
5303,0.011514797,2,3,10,57.69306472,1,0
6364,0.01256245,2,4,4,84.53972983,1,0
7869,0.013535157,1,5,1,67.5196606,1,1
4281,0.017472941,1,4,9,83.68240239,2,0
1522,0.029554983,3,3,11,70.06175943,3,0
9488,0.035930616,2,2,2,55.30058095,1,1
5376,0.037656836,3,4,17,73.4615392,3,1
9083,0.045014291,1,3,12,81.12441864,1,0
9976,0.058419397,1,5,6,70.45924056,4,1
3292,0.060640342,1,5,3,75.46340898,1,1
1993,0.064445173,1,5,15,66.93362622,2,0
7767,0.065031469,1,5,6,77.35903375,2,1
4118,0.067175613,2,2,19,62.48685361,4,0
6315,0.06985503,1,3,20,74.30235149,0,0
3129,0.070663774,2,4,23,80.52346766,4,0
1703,0.079530982,1,5,18,68.8797981,7,1
3205,0.079752685,2,5,5,77.7956908,0,0
7625,0.080725525,2,1,23,68.51053088,1,1
134,0.08331436,3,4,16,85.49458418,2,1
2481,0.093898389,1,5,21,72.59257191,3,0
6920,0.097379254,1,3,9,80.62492372,4,1
5416,0.107029601,1,2,14,84.77231909,3,1
597,0.109271938,2,5,9,65.55635389,4,0
1596,0.109835711,2,5,21,78.58112367,3,1
5214,0.122886748,1,5,6,66.39819196,1,1
3345,0.127121259,1,5,5,78.6823881,3,0
291,0.1312502,1,5,14,71.97556247,1,0
5263,0.146917496,1,5,7,66.01738766,3,1
3259,0.149963521,3,5,10,71.02827012,2,0
7241,0.154189556,2,1,17,98.71997208,4,1
967,0.160115902,1,2,12,92.8913689,3,1
1295,0.170985263,1,2,15,76.1816295,2,1
2360,0.177144092,1,5,23,80.18584669,2,1
268,0.182773469,2,5,24,77.72290871,3,0
8211,0.200745428,3,2,9,69.93690751,4,0
744,0.202414661,2,1,4,75.89299943,0,1
8078,0.212505019,1,3,10,62.56733528,1,1
2910,0.214152686,1,5,23,58.6811369,4,0
99,0.215706192,1,5,24,63.85446964,2,0
6634,0.21880546,1,2,6,85.64906102,5,1
7435,0.225697561,2,1,6,69.90726864,4,0
4839,0.240158656,1,3,5,86.71800434,2,0
627,0.242854511,1,2,12,82.59870318,2,1
5461,0.246459142,3,4,9,81.4978881,4,1
1414,0.248765965,1,5,24,78.56950195,3,1
8304,0.25158109,1,5,7,67.7123873,0,1
1492,0.25255417,2,5,22,75.09391843,3,1
1160,0.260202285,3,1,10,84.62974978,1,0
7206,0.26676001,2,1,6,77.79988261,3,1
5320,0.271372886,1,5,16,61.36630763,1,1
3246,0.273680651,1,4,20,79.9229491,1,1
521,0.283888211,3,2,15,77.02930448,1,0
554,0.28648132,3,4,19,68.98359668,2,0
3518,0.287111596,1,5,24,78.99205613,2,1
3885,0.291206495,1,5,4,70.75511823,1,1
8487,0.294926068,1,3,18,71.20791219,1,1
2979,0.298624001,2,4,11,90.77403585,2,1
1602,0.302737765,3,4,18,87.92102173,4,0
157,0.305196824,1,2,11,89.1957493,2,0
3270,0.306204709,1,5,9,74.03899286,2,0
5241,0.306981712,3,4,21,60.53648095,1,1
9370,0.314264397,3,5,11,76.04921117,2,1
7042,0.316002819,2,4,5,69.61683187,1,1
7825,0.335575366,1,5,17,66.66199312,1,1
7641,0.335736088,3,5,15,69.77946692,0,1
7613,0.343625159,1,5,22,73.7305331,4,0
8848,0.344692401,1,2,10,70.98023356,1,1
7717,0.377735964,1,5,4,79.10735031,3,1
5104,0.384161809,2,3,3,78.47605135,2,1
2442,0.395809371,1,5,5,65.78938853,4,0
3897,0.402336806,2,1,6,90.64747464,0,1
211,0.4115299,1,5,18,62.18970088,5,0
4916,0.433089948,1,4,9,81.97251741,3,1
4532,0.441191138,1,2,7,72.3452299,1,0
5755,0.445776349,2,2,21,68.10313922,2,1
4576,0.448003615,1,5,3,84.0310865,1,1
9048,0.460475853,1,5,12,77.25509765,2,0
4574,0.463414128,1,5,3,53.59927586,1,1
7645,0.467018366,3,3,21,80.2326251,3,1
4085,0.474332062,1,5,11,54.38451836,2,1
9762,0.474462197,3,5,17,87.23919876,2,1
9957,0.477806039,2,2,20,77.54756489,2,0
3229,0.482351468,1,5,4,64.80208964,3,1
9615,0.485260971,2,5,4,76.99386874,1,1
4821,0.492498451,1,2,9,69.93733585,1,1
7276,0.501424533,1,2,24,74.07877822,1,0
1077,0.508280869,1,2,9,81.9779959,2,1
2860,0.509778698,1,5,21,75.56616959,3,1
2434,0.522899328,3,5,21,75.57738125,1,1
9512,0.530184517,1,5,9,82.70074696,0,1
1439,0.534561058,3,5,7,101.2003291,3,0
1090,0.536291056,2,5,10,76.18728014,1,1
4368,0.546557921,1,2,1,84.20660926,3,1
6400,0.54720216,3,4,10,67.59305283,2,1
7026,0.547658289,2,1,24,72.7272165,3,1
8107,0.548662695,1,2,11,60.29889675,4,1
1485,0.554727003,2,5,11,80.70622615,4,0
4348,0.556026523,1,5,23,75.00133749,1,1
8256,0.558294233,2,5,16,73.09266894,0,1
1506,0.559322883,2,4,2,71.59746862,2,1
7593,0.56098839,1,4,23,84.47668888,1,1
3093,0.568403757,2,5,10,72.38269364,1,1
8265,0.569344307,2,3,21,86.55233948,3,1
3578,0.57257526,1,5,12,99.84476528,4,0
1629,0.58438738,3,1,24,64.18763956,6,1
756,0.588625108,1,5,12,63.06771143,2,1
7346,0.592432446,3,4,8,83.28016824,4,1
4610,0.599229031,3,3,22,77.48487453,2,0
6447,0.605874011,2,3,22,59.82931558,5,1
2472,0.612810834,2,3,13,68.48931921,4,0
316,0.625633464,1,5,20,87.63937743,0,1
6597,0.628422596,3,5,5,73.86434695,0,1
7496,0.629911803,1,5,7,75.07066787,2,0
5284,0.64047187,2,4,21,71.81647495,4,1
8729,0.652498238,1,5,3,64.80778318,1,0
4256,0.652534103,1,4,6,76.2727392,1,1
9450,0.653077017,2,4,12,68.296312,4,1
9689,0.654906526,1,2,20,81.88102282,3,0
5881,0.660951195,2,5,8,68.37440482,1,1
8261,0.661131951,2,5,11,76.32517004,1,1
5064,0.670281272,1,4,4,79.22194622,1,0
6768,0.670426266,1,4,12,82.79093246,1,1
5430,0.676998926,1,5,5,55.24333205,0,1
9131,0.679515026,2,4,12,73.23384152,2,0
116,0.687711374,1,2,22,74.92261967,2,0
8012,0.692780088,1,5,6,86.27521725,2,1
2841,0.693782071,1,5,4,67.13222827,4,0
8512,0.697114313,1,5,16,77.68221799,1,1
2249,0.698375615,1,2,4,88.42296071,5,1
5031,0.700331636,3,1,2,77.08771354,0,1
8160,0.702959913,3,2,5,71.53070706,2,1
768,0.703111367,2,1,13,86.11568946,3,1
5186,0.709837237,2,4,5,71.9403298,3,1
8863,0.714439149,1,5,15,66.30675376,2,0
5185,0.728435405,1,5,5,79.04998134,5,0
9745,0.728443695,3,2,4,73.64495531,0,0
4441,0.737258132,2,3,4,84.29134334,2,1
7603,0.740874489,2,5,10,64.07343571,3,0
2376,0.741354699,3,3,10,73.85822989,3,1
1849,0.754035049,1,5,10,81.93384195,3,1
1240,0.77028977,3,4,16,67.5533874,3,1
9558,0.778549044,2,3,8,65.1710891,4,1
4824,0.779381859,2,4,8,64.79488889,2,0
4650,0.780023725,1,5,5,78.15007741,3,1
8829,0.792891269,3,5,2,82.83531456,3,1
4059,0.808903009,1,5,11,64.39705505,0,1
3416,0.823188256,2,4,11,66.33967742,1,0
7799,0.831637643,3,4,17,80.49306977,4,0
1344,0.832410513,3,5,16,97.70776811,1,0
8158,0.834531502,2,5,2,82.37721267,4,1
7357,0.858546398,1,3,21,85.00809843,1,1
4343,0.859706999,3,3,15,61.29204403,3,1
9588,0.862754557,1,3,4,80.63813508,0,1
2420,0.866638228,3,4,20,84.13348225,3,0
545,0.872381533,2,4,16,73.30964707,2,1
235,0.873284746,3,3,24,78.4986818,1,1
6474,0.879027182,1,5,5,72.6436087,0,1
245,0.890049749,2,3,7,80.25890163,1,0
2991,0.896117461,2,4,23,62.6402214,2,1
7847,0.897577658,2,4,10,78.83295487,3,0
8890,0.89986068,2,5,2,85.21943417,5,0
8021,0.914882777,2,4,23,75.22002633,1,1
3101,0.925226304,1,5,4,71.30678679,1,1
8795,0.931691478,1,4,6,61.93573316,3,0
8442,0.953480248,1,3,10,71.18293949,1,1
3102,0.957416168,1,5,4,65.77195615,4,0
8159,0.958015697,2,5,18,63.84175981,2,0
1981,0.963603373,2,4,9,81.58569618,2,1
5471,0.967446101,3,1,6,75.67584827,3,1
6740,0.975864164,1,2,15,68.2290404,1,0
4728,0.97980714,1,5,5,71.90373356,2,1
7413,0.979985452,1,5,9,84.63585858,6,1
5152,0.983513068,3,3,1,83.95187202,1,1
6161,0.984472299,3,5,4,49.0338088,2,1
9441,0.999025643,1,2,6,62.80704777,3,1
3081,1.004490707,3,2,21,86.50156665,1,1
4255,1.012512656,1,2,11,87.49577979,5,1
7882,1.015536879,3,2,15,81.7674791,2,1
2110,1.024639828,3,5,19,81.71031934,1,0
6046,1.039762985,1,5,11,76.82619801,0,0
4623,1.0434182,3,1,22,57.85314389,2,0
563,1.043568322,3,3,17,77.10055266,3,1
3939,1.059083517,1,5,11,76.48583745,3,0
8047,1.062064439,1,4,7,61.85261756,3,1
8620,1.06516617,1,4,19,73.14128909,2,1
8699,1.066186191,2,3,10,63.0791381,1,1
5314,1.07109378,2,5,10,88.93092066,1,0
2059,1.080648373,2,1,13,92.52268198,3,0
6530,1.092526234,3,5,8,79.18373364,2,1
4840,1.104295452,2,2,12,86.40660544,2,1
986,1.121655798,2,4,18,86.54900371,2,0
9420,1.124039233,3,4,11,70.88064036,3,1
5949,1.133895437,1,4,17,72.35064745,5,0
1042,1.135999301,1,4,12,69.97840519,1,0
1918,1.146374657,1,5,12,87.78056237,0,1
3652,1.148461674,1,5,20,74.41639298,1,1
935,1.163490005,1,5,19,81.14470371,0,1
2181,1.167102358,1,2,12,64.30995672,2,0
3248,1.172486972,3,5,21,83.39479544,1,0
1802,1.173685103,3,5,24,72.98849509,3,0
5449,1.176193443,2,2,19,59.25959646,1,1
7527,1.17945059,1,4,18,87.86850729,2,1
40,1.182342547,3,5,1,75.06996088,1,1
7441,1.202317977,3,2,10,86.25499609,3,1
6594,1.203953721,2,2,20,68.45104403,2,1
3448,1.216832722,2,5,2,59.45646327,1,0
4613,1.224159743,1,3,2,66.64864279,2,1
5274,1.230289485,1,5,5,82.28725618,1,0
4539,1.230882877,3,1,18,74.25127728,1,0
6353,1.235288239,3,2,9,71.05153257,2,0
4290,1.236466952,1,5,8,62.20817613,1,0
3829,1.259471974,3,2,6,82.09804575,3,0
2322,1.261662816,1,2,4,70.4512386,2,0
1019,1.26540256,1,5,14,66.37875033,4,0
9378,1.269829259,2,5,6,80.89788945,1,1
7950,1.271582924,1,5,6,63.64651044,2,0
9009,1.274287505,2,4,11,64.81752307,1,1
9187,1.276732608,1,5,16,78.13767905,1,0
4589,1.278635819,3,5,12,74.15611831,1,0
6813,1.285665699,2,5,12,78.33601621,3,1
1609,1.290807109,1,5,21,70.46571234,0,0
1956,1.291871197,1,4,6,54.85260874,3,1
5919,1.297986236,1,5,16,89.73671678,2,1
5282,1.301956416,1,2,16,80.1456106,2,0
5960,1.30360723,2,4,8,81.13604249,1,1
4327,1.304420117,2,3,18,70.30836237,0,1
3005,1.307026695,1,4,13,83.73426839,2,1
6256,1.322697238,1,4,10,53.36008646,2,1
9970,1.3245747,1,5,10,54.23393595,2,0
2843,1.328159997,2,5,9,86.08383632,2,0
1938,1.331216452,2,4,18,89.20563191,0,1
7141,1.339152337,2,5,2,83.508958,3,0
8169,1.346649916,2,3,11,76.33636073,3,1
9695,1.353656469,1,5,4,83.61915874,4,1
4370,1.356370894,2,2,5,54.25843453,4,1
1753,1.357221406,3,4,14,82.2716874,3,1
5844,1.358436304,1,5,16,65.57656177,1,0
2911,1.366069248,2,4,10,73.25454459,1,1
1661,1.368989525,1,5,3,53.651739,1,1
5428,1.369217684,1,5,1,71.04771877,0,1
6209,1.375950617,3,2,1,83.38220115,2,0
5984,1.382234388,3,3,1,95.95376103,2,1
3143,1.394081692,3,5,12,63.44740123,1,0
4910,1.397995223,3,5,1,74.40475634,0,1
7921,1.413189736,2,5,20,83.39769235,1,0
5811,1.414025207,1,3,20,73.94519002,4,1
4399,1.416758028,3,5,5,76.29047858,1,1
2529,1.420972657,3,5,17,84.343072,0,1
3457,1.424846333,1,5,3,89.641083,3,1
3792,1.427515145,2,1,22,74.58615161,2,1
8349,1.432201737,2,4,13,63.01993055,0,0
5565,1.438505339,2,3,5,62.38937289,3,1
7624,1.447413597,3,5,2,84.6291645,3,1
1934,1.45506063,1,3,22,72.03533367,2,0
8133,1.457482712,2,5,4,75.89708088,1,1
8528,1.461683918,1,5,14,82.31372262,0,0
186,1.463171315,2,4,21,65.40172285,1,1
8866,1.467055995,1,4,8,87.93250691,1,1
6971,1.471899979,1,5,19,87.85484876,5,1
513,1.472524476,2,5,24,80.1389658,2,1
5101,1.48493097,2,2,16,63.71231689,4,1
9433,1.485593191,3,3,17,51.62397499,1,1
9599,1.486099341,1,5,17,77.09852877,1,1
3243,1.500799785,1,5,3,74.99856366,2,1
8355,1.504932624,1,5,2,74.11288946,1,1
4511,1.505654565,1,3,8,81.86639977,3,1
9897,1.506284738,1,5,18,69.05221618,1,1
2238,1.508232329,1,5,21,84.8956893,0,1
5601,1.508430849,1,2,15,81.23529207,0,1
7417,1.51149216,2,2,12,77.47632621,7,0
2349,1.519989668,1,2,13,94.76468435,5,1
8110,1.524296308,1,5,18,70.39032353,2,1
699,1.529215881,2,5,9,83.36106155,0,1
8796,1.540782627,3,1,13,83.90333159,2,1
4103,1.542025489,3,2,23,78.88364325,5,1
4981,1.542105898,1,5,24,72.50218779,1,0
4312,1.552829335,2,5,23,65.64900523,0,1
6339,1.553438751,3,4,21,83.1548948,3,1
574,1.555714812,1,5,12,67.56372947,3,1
8253,1.55575714,1,5,23,67.86522986,2,0
1713,1.561223961,1,4,21,82.6973808,3,1
7082,1.581106719,2,5,23,66.05702685,4,1
8263,1.584608113,3,2,13,78.92234481,1,0
4244,1.589871724,2,2,10,65.75849128,1,0
498,1.590652181,2,5,1,72.69119954,2,1
8342,1.597366598,3,2,7,64.04527655,3,0
2891,1.603084829,2,4,20,69.30556354,1,0
7210,1.604600278,3,3,10,75.85241543,5,0
9263,1.604736525,1,4,6,76.23769724,0,1
2447,1.629613053,1,3,9,78.08603578,4,1
2251,1.632934391,1,5,6,76.6148551,3,1
1672,1.640195114,2,5,12,62.00651853,0,0
6908,1.642162785,2,5,18,74.6217775,5,1
904,1.648731822,2,4,8,95.75962929,1,1
4053,1.65836446,3,1,3,82.95126222,1,1
2294,1.659036658,2,1,21,90.641496,1,1
7983,1.666147614,2,1,10,81.02077194,3,1
3003,1.673419466,1,5,24,68.64067116,2,1
3370,1.685312579,3,3,5,65.51817372,4,0
1907,1.686105074,1,5,21,68.85662919,2,0
4040,1.687436358,2,5,17,85.00322908,4,1
940,1.696462939,3,5,11,65.87598353,1,1
7906,1.700887508,1,2,12,88.98195982,1,1
5473,1.708547844,1,5,13,65.51040023,1,0
63,1.710161789,2,4,8,80.07917791,0,1
3027,1.711815842,3,3,8,75.24138292,0,1
5526,1.720790658,2,1,22,72.23463135,3,1
6251,1.736427473,3,1,13,79.8058975,1,1
6360,1.74372943,1,3,9,76.58773789,1,0
3181,1.744120985,1,2,19,71.39054898,4,0
5838,1.744722714,1,4,23,69.52831227,2,1
3289,1.745122337,3,4,4,65.19237321,1,1
7571,1.749405378,1,5,6,78.18835625,3,0
5318,1.761678639,2,2,12,81.86819224,6,1
5510,1.773152838,2,5,10,83.3874892,6,0
280,1.793121491,1,5,17,93.19045524,3,1
5065,1.793783222,1,5,6,67.30050491,2,1
7331,1.796560869,3,4,13,81.73334351,2,0
4131,1.800809473,1,5,19,87.22788691,5,1
8665,1.806791951,1,2,8,56.91333116,2,1
103,1.810162188,3,5,5,64.93057975,2,0
2646,1.819501199,2,5,23,80.73108238,1,0
8681,1.82378973,1,3,1,72.65292538,3,0
7043,1.840951138,2,1,3,82.04152697,3,1
6769,1.845091802,3,3,8,90.32915941,1,1
3847,1.847719287,1,3,19,79.58479527,0,1
2037,1.850795128,2,4,12,94.76623239,6,1
1234,1.866634453,3,5,18,79.76623807,3,1
3557,1.866700363,2,1,21,65.26458548,1,1
9241,1.870592161,1,4,11,66.80960031,2,0
9649,1.887197967,1,2,1,74.97726794,6,1
7573,1.888327118,3,5,7,67.90676272,2,1
5806,1.890348395,3,5,10,64.53599669,3,0
1670,1.903420706,1,4,14,64.56013093,0,1
5511,1.912044254,1,5,17,75.14807558,4,1
715,1.922795529,3,2,20,73.99798332,0,0
1728,1.925988347,2,2,9,80.54118815,2,0
2172,1.927495033,1,5,20,74.26412158,2,0
5703,1.928445557,3,4,5,71.83188482,3,0
9950,1.932432843,2,5,14,69.4023565,2,0
1653,1.947923649,1,4,14,64.99435458,1,1
5277,1.951019093,1,2,24,69.25829649,0,1
5378,1.953669376,1,3,19,62.40106014,1,1
3630,1.968882119,1,4,7,65.2978037,1,1
1832,1.973195276,1,3,11,78.94217917,0,1
2616,1.981354516,2,5,9,86.41947106,0,1
3529,2.001889185,1,4,16,67.7661452,1,1
1001,2.00194249,1,5,17,84.99243046,0,0
6993,2.010204786,3,1,6,86.57316226,2,1
5115,2.018432259,2,5,8,62.16910297,1,0
1674,2.020297178,3,2,16,84.0488185,2,1
4375,2.021018034,3,5,13,61.63242831,4,1
6145,2.022615095,2,3,10,66.25974938,1,0
4599,2.029457424,1,4,16,67.34455553,2,1
2127,2.033017509,3,4,10,81.51671774,2,0
6603,2.059224454,3,5,7,68.87253151,6,0
1693,2.061756861,2,1,5,70.97401171,4,0
6437,2.066240275,2,3,13,81.04496867,2,1
8081,2.077812178,1,5,10,80.56344753,4,0
1332,2.079190946,1,5,14,78.46782282,3,0
8897,2.08406876,2,4,5,73.52424876,3,0
9150,2.084529336,1,4,19,82.5296134,2,1
8641,2.087763149,1,5,3,61.32539092,4,1
9418,2.09878554,2,5,22,80.88715573,0,1
9909,2.099746415,1,4,19,89.08715516,2,1
7765,2.108027593,1,5,3,75.81918519,1,1
9487,2.111043551,2,5,5,88.87960014,4,1
9930,2.123079,1,5,3,78.54622181,4,1
599,2.13474019,3,3,24,80.43234383,2,1
4226,2.136898572,1,5,3,73.30800367,1,1
6729,2.142133997,3,4,4,77.87821513,4,1
5072,2.142343158,2,5,5,80.69573908,6,1
3561,2.146242415,1,5,14,68.89934609,1,1
3384,2.147793082,2,4,8,83.01087973,1,1
9108,2.152869638,2,5,24,73.71710554,1,1
4472,2.160600316,1,4,17,73.5496961,2,0
9358,2.16344397,2,4,3,60.81915637,4,1
8509,2.178527916,1,4,23,78.38969454,3,1
5818,2.181062631,2,2,18,75.3307359,3,1
1002,2.18729039,2,2,24,66.2012062,2,1
8365,2.187655612,2,4,13,81.43000791,2,1
6800,2.198463329,2,3,14,84.35242763,4,0
7115,2.201323255,1,5,19,76.14105839,5,0
4068,2.219527421,1,5,4,91.34335275,2,1
1646,2.23243634,3,3,3,78.40765334,2,1
5623,2.237488986,2,1,8,88.54437829,2,0
459,2.24356555,3,4,21,83.09891985,1,0
9903,2.247507451,1,5,3,60.69164205,6,1
4656,2.249124737,3,3,12,71.6500631,0,0
6471,2.249707726,2,2,14,77.99724578,1,0
9173,2.258136649,2,3,2,57.90755929,1,1
2721,2.263174172,3,3,16,65.3057994,3,0
6372,2.273463072,3,3,2,74.57187119,1,0
6886,2.273984969,2,1,13,70.48493731,1,1
7083,2.285162408,2,1,23,66.86302931,3,1
862,2.285776675,1,3,17,70.10637618,1,1
4546,2.29049029,1,4,22,81.13107517,1,1
7884,2.296894722,1,5,12,60.97741152,4,1
7337,2.296955876,3,3,1,73.0793503,0,1
7269,2.299605663,1,5,5,77.04592066,3,0
1472,2.299928459,1,5,1,72.40833727,1,1
4631,2.308896464,1,5,21,80.18741445,1,0
4819,2.31081893,2,5,17,86.11778388,0,0
5493,2.318459929,2,3,14,72.83731078,2,0
8608,2.318680854,2,3,16,68.18265072,0,1
1927,2.326846657,1,3,9,69.19473648,3,0
8542,2.331020703,1,5,14,74.4494774,0,0
132,2.332846896,1,4,3,88.7217597,2,1
9681,2.338478937,3,5,12,100.7662779,0,1
8880,2.34191652,1,3,19,61.04428765,2,1
2784,2.342403167,2,2,14,68.28491333,1,1
7931,2.351914064,1,4,9,69.17549488,0,0
7479,2.358383319,1,3,14,60.98751541,3,0
1249,2.3637906,2,2,2,36.11556248,3,1
2453,2.364714591,1,5,11,59.9712279,3,1
8800,2.371061674,1,4,20,79.30779975,2,1
2034,2.383842615,3,5,21,67.61721194,2,1
8916,2.393848354,3,1,6,77.3909443,0,0
1698,2.402347284,2,1,20,87.79187588,1,0
3060,2.410625868,3,2,20,86.12563507,3,0
4853,2.415687693,2,2,4,51.71836975,3,0
7578,2.417966494,3,3,7,66.02149071,0,0
9034,2.418111142,1,5,6,76.7331402,2,0
5912,2.41990008,3,5,12,83.6284951,2,1
1526,2.428554707,3,5,8,82.94590694,2,0
2857,2.431663637,1,3,2,69.15359611,2,0
6266,2.438263727,2,3,14,74.79389796,2,0
8931,2.441253853,3,5,17,55.38764163,3,1
8781,2.444091922,3,5,10,73.62001256,4,0
7263,2.446995765,2,4,7,75.63354187,2,0
2547,2.448273195,2,3,3,63.59650648,0,0
1412,2.457365756,1,3,3,63.9531022,1,1
414,2.461688756,3,5,23,76.4289154,2,1
7378,2.489913657,1,2,16,82.60555678,3,1
4160,2.494675375,1,5,10,57.9369047,1,1
3040,2.494825396,1,5,16,55.01782615,3,1
9918,2.495757544,1,5,1,87.49077698,1,1
7461,2.5027893,2,3,9,75.40929074,3,1
9193,2.503070359,3,5,16,66.78721606,2,0
6003,2.506170378,2,5,22,67.16373056,2,0
6844,2.50729905,1,2,19,66.35785207,2,1
2822,2.50740681,2,2,4,80.42940532,2,1
1965,2.507968702,1,5,19,92.83136448,3,1
7336,2.511065585,1,3,15,77.5297869,1,0
1214,2.513660794,1,5,16,71.3460727,3,1
2274,2.516447122,2,4,8,106.3855119,2,0
8732,2.522072953,1,2,17,73.90726242,1,0
1337,2.522508846,1,5,4,79.53796609,2,1
698,2.529625196,3,2,4,79.94506904,1,0
7734,2.541403091,2,5,14,61.96640551,4,0
9008,2.54149556,1,5,12,67.68166935,3,1
7814,2.551857983,1,3,20,95.97804873,5,1
5850,2.560329937,1,5,21,88.31644963,3,0
2213,2.561090912,2,5,20,82.63613067,1,1
5797,2.565090268,3,5,17,86.79744304,2,1
9902,2.567537027,1,5,10,73.04213361,3,1
1789,2.583548528,3,4,7,87.59514901,1,1
8036,2.593630464,1,5,18,67.43670153,2,0
5290,2.603016644,3,1,17,64.98917318,1,0
4548,2.604088288,1,5,23,72.15260665,1,0
9678,2.614175423,1,5,24,61.26069448,3,1
1012,2.615340326,1,2,9,61.26946644,2,0
8475,2.619861932,3,2,4,79.34838736,1,0
7700,2.626343643,2,5,22,79.25771392,0,1
9381,2.63313473,1,2,14,71.23275812,0,1
8317,2.648175889,2,4,21,69.61017853,1,1
6510,2.650128263,2,5,21,76.19909107,3,1
8006,2.659496562,1,3,19,78.34942006,3,1
9614,2.661514207,3,1,1,71.50994043,2,0
764,2.664380741,3,1,24,95.10639729,3,0
5804,2.664410288,1,3,15,90.92456757,0,0
7760,2.668818967,1,4,16,86.77069683,1,0
676,2.6741882,1,3,4,65.06954711,0,0
3373,2.6764389,1,5,21,64.07377606,1,1
1278,2.683493598,2,3,6,87.34435866,2,0
4930,2.686902483,1,5,7,83.65587531,1,1
5399,2.703057502,2,2,14,85.36549572,0,1
2204,2.709640387,3,3,6,61.8195312,3,0
14,2.71212437,1,5,20,82.49191161,4,0
1574,2.722308228,2,5,3,79.40054414,1,1
8481,2.724342235,1,5,8,83.1987584,1,1
1677,2.730226786,2,5,2,59.6692214,3,1
4145,2.730901514,1,5,13,72.62292992,0,1
7720,2.73134482,2,2,9,73.41201034,2,1
5747,2.741102515,2,4,19,82.58787851,0,1
8174,2.744294515,3,5,20,70.44932612,1,0
3698,2.744365502,1,5,9,75.25745477,2,1
5234,2.759826851,1,5,21,78.53432846,2,1
6010,2.762518268,1,4,16,68.19858031,2,0
8172,2.783242631,1,2,22,80.34018919,3,1
398,2.789567668,1,4,3,95.90316445,3,1
4467,2.810117127,1,5,19,73.31183849,1,0
1326,2.811989961,1,2,24,68.02791814,3,0
3830,2.815351221,1,5,23,74.65118342,3,1
7553,2.824348256,3,3,7,69.25861407,3,1
32,2.824487155,1,3,15,66.1398775,3,1
2516,2.832508112,3,3,9,83.81529375,1,1
2576,2.835720972,1,2,10,64.8597093,0,1
7771,2.851287142,1,5,4,63.47646844,6,0
5239,2.858580713,2,2,14,56.02468329,1,1
5646,2.859407941,3,3,1,77.71903692,1,0
6342,2.863857522,1,5,18,61.11769851,4,0
7938,2.866291585,1,5,16,89.89516561,1,0
2125,2.874546088,1,4,10,58.40036176,2,1
7748,2.876834465,3,2,2,89.36542336,2,0
761,2.877807243,1,5,23,60.03432731,0,0
3917,2.888284148,1,5,2,78.5616304,2,1
9352,2.892766274,2,4,21,69.81224668,1,1
1276,2.893487542,2,5,14,78.56656288,1,1
2075,2.893598168,1,4,17,62.11248244,4,0
8940,2.895054869,1,5,14,81.67885375,2,1
4785,2.895415169,1,4,2,76.84937397,2,0
1680,2.907883317,2,3,5,77.51189757,0,0
44,2.921133659,3,3,19,73.90218596,1,0
7089,2.929904236,2,1,9,68.43420425,1,1
1109,2.933699384,2,1,7,95.07138284,2,1
6180,2.938422365,3,1,1,84.04214572,1,1
6953,2.938787314,1,5,3,83.06808224,2,0
5253,2.959702438,1,5,20,81.4757931,1,1
8543,2.961298191,1,5,23,68.38706522,1,0
8429,2.965110983,1,4,4,76.73345021,3,1
1082,2.966292075,1,2,4,82.39296194,3,1
8464,2.987762295,1,5,13,86.66792675,2,0
8664,2.98964021,1,2,21,89.21035772,4,0
4751,2.99918051,2,2,1,63.92279446,5,0
2950,3.006218561,2,1,6,70.47881253,4,1
1288,3.017313137,1,5,11,85.76621711,2,1
8185,3.020665847,1,3,15,72.4930777,4,0
6118,3.022374812,1,5,6,80.19598223,4,1
5832,3.0273533,2,2,22,75.38055787,0,0
5036,3.03006441,2,5,23,78.29672799,1,0
8534,3.033132991,1,5,22,56.30813416,6,1
7970,3.040099524,2,5,24,80.54094182,3,0
3464,3.043512154,2,5,19,62.12154438,5,0
4914,3.043582748,3,5,2,87.15098571,4,0
533,3.048413076,1,5,17,73.1461576,1,1
5952,3.057451808,3,5,15,72.00077254,0,1
4855,3.060531792,1,5,20,65.6998964,2,0
9937,3.061837649,2,1,3,76.03957174,0,1
9576,3.062345162,1,4,15,74.55130495,4,0
8580,3.067396359,2,3,12,92.76270303,3,1
5651,3.069702732,3,3,15,61.69412638,2,1
9074,3.078618,1,5,24,89.75723198,0,1
2326,3.081114652,3,2,18,76.75440061,4,0
4077,3.089029366,1,4,16,66.04287982,3,1
7544,3.0893888,2,4,8,95.1040505,3,1
8314,3.094111037,1,4,24,101.0851757,0,0
1576,3.096863862,2,5,6,57.45835829,5,1
8048,3.101402499,1,5,4,85.5135819,4,0
7802,3.104618971,1,5,17,70.70105427,4,1
5841,3.117624756,1,5,13,77.34124844,0,0
6625,3.133722453,1,4,21,57.18869963,2,1
1611,3.144753373,1,2,1,68.93325709,0,1
1544,3.149234422,1,4,10,57.65994876,2,1
1893,3.150876786,3,4,23,72.80195569,2,1
510,3.174830737,2,4,6,68.86713988,3,0
7807,3.18048271,2,5,14,67.42333267,2,1
48,3.185703278,3,4,14,81.4654838,0,0
2278,3.189185327,2,5,21,66.62769071,2,1
2188,3.195168481,1,4,6,102.6609339,0,1
4063,3.200051249,3,3,6,61.70785394,4,0
2250,3.201511754,2,4,11,71.77846264,0,1
7001,3.204039805,1,5,8,66.84301021,2,0
6064,3.223400891,1,5,24,77.9820854,3,1
7558,3.225356305,2,1,24,67.46193601,1,1
3838,3.231427762,1,5,8,79.01515357,2,0
1184,3.239474855,2,3,14,80.57756162,1,0
3697,3.249314713,1,4,7,89.42914169,3,1
1392,3.249904559,2,3,5,80.71128051,2,0
7208,3.255218072,1,5,5,71.06272304,2,0
1959,3.256104341,2,3,21,78.70925476,2,1
9165,3.26092866,1,2,11,75.77099897,3,1
5869,3.283461883,1,4,1,77.6545997,2,1
3364,3.288049627,2,5,21,66.00628406,3,1
720,3.29227679,3,2,22,61.86567904,3,0
9461,3.293307937,1,5,6,64.0147206,2,1
5593,3.294117658,1,5,6,68.52290347,4,1
7309,3.297622711,1,2,21,73.30830748,0,1
6431,3.298979461,1,4,17,73.17576276,3,1
6569,3.302528154,3,4,10,68.02523191,0,0
7657,3.303209948,3,4,20,64.3707303,1,0
3961,3.306831813,1,5,2,81.68029404,3,1
4739,3.322380508,1,4,17,81.06650981,2,0
9935,3.325572022,3,4,1,52.49906186,1,0
4509,3.330041172,1,3,4,57.20454897,0,0
4179,3.334431655,2,5,10,81.84724508,4,0
845,3.337566465,1,5,11,74.05275297,3,0
6268,3.338137201,3,1,24,91.85636089,2,0
3111,3.343325313,1,4,13,66.12017714,3,1
1546,3.351847662,3,4,24,99.91110805,0,1
5401,3.354477162,3,2,12,70.25039678,3,0
3184,3.35668786,1,5,5,61.27856676,1,1
2182,3.364235359,1,4,11,73.1700259,2,1
6456,3.378301879,2,5,7,77.42200643,2,0
8964,3.378700907,1,2,12,70.93508176,1,1
4135,3.386032638,3,5,3,58.0302879,0,1
5362,3.393340172,2,1,12,78.87292989,3,0
8526,3.394628635,2,5,1,83.10682682,2,1
7466,3.399625483,2,4,17,95.28718942,0,0
7939,3.400878029,2,3,11,64.15057242,3,0
2695,3.403741035,1,5,7,71.63405341,2,1
3832,3.412049079,3,3,3,69.06427262,1,0
2737,3.417194776,1,5,9,68.69657072,1,1
5335,3.425097023,2,1,16,89.82077328,2,1
1459,3.430662645,2,4,2,61.24595581,2,1
1117,3.433310346,3,4,12,78.21210879,3,1
962,3.438093715,1,4,19,71.97071915,4,0
7109,3.442249037,1,4,16,79.54712869,1,1
1992,3.443963118,1,5,22,74.91729149,1,0
9152,3.445653799,3,5,17,87.31587281,2,1
5572,3.445901676,2,5,12,70.81156928,1,0
5917,3.446116585,1,4,7,81.94037464,1,0
6110,3.453883746,3,5,18,87.8367636,3,1
262,3.455880753,1,5,16,81.78316456,2,1
9248,3.473620262,1,5,15,69.75910841,2,0
3732,3.495698851,1,5,4,79.31554932,3,0
3945,3.509631647,3,1,5,61.92020885,0,0
7987,3.514142704,1,5,8,79.97140087,4,0
5269,3.523284885,1,5,8,64.44263643,2,0
2569,3.529711503,1,3,10,81.22546328,0,1
6758,3.55405226,3,4,4,88.43793012,2,0
3514,3.564395123,2,3,6,80.17174873,1,1
9171,3.575658376,1,5,16,84.17898393,2,0
5189,3.584089718,3,3,13,47.57063071,1,1
4046,3.586170276,1,5,22,61.70782101,4,0
7389,3.595671232,1,5,3,79.09964102,0,1
5086,3.602333147,2,2,23,78.64067636,1,0
352,3.610086564,2,5,24,69.24630791,1,1
2352,3.612981173,1,5,13,77.06576635,2,0
7203,3.623323135,1,5,18,82.90360961,3,1
6053,3.626879364,1,4,12,74.12968491,2,1
5771,3.629769188,2,5,14,86.35078869,1,1
851,3.637484162,1,4,10,75.89302271,1,0
3729,3.637635501,1,5,10,90.77225949,1,1
5215,3.640223219,1,3,10,74.26326095,2,1
5433,3.643279789,3,3,1,75.77168004,3,0
8034,3.653808845,2,1,4,63.31354605,1,1
8648,3.667095149,3,5,20,85.93140156,0,1
5866,3.668553508,1,4,6,63.15013739,0,0
7075,3.674458282,1,4,3,86.41308288,1,1
5665,3.67447328,1,2,23,77.26608976,3,1
9845,3.681603282,2,5,9,64.00116766,2,1
2786,3.682060499,1,5,16,60.63218836,2,1
7478,3.685069771,1,2,7,75.80056617,2,0
5712,3.686061076,1,2,3,81.30571746,1,0
8725,3.697020506,3,1,9,77.3511599,1,1
9854,3.700874076,1,5,18,70.48279783,2,1
1043,3.709619773,1,5,7,84.0500564,3,0
479,3.71890793,1,5,20,63.7381593,2,0
9626,3.724434746,3,4,13,56.77369688,1,0
2368,3.736519829,1,2,10,79.18438185,1,1
4771,3.742340003,1,5,17,92.1929484,3,1
6463,3.745157571,3,3,3,53.90930428,1,0
2830,3.750731466,2,2,10,87.94424466,1,1
9555,3.758203131,1,3,23,78.88484619,2,1
29,3.781315119,2,4,5,70.92456706,1,0
1447,3.787574957,1,2,3,58.08979357,2,1
9504,3.798221122,1,5,24,66.18735099,4,1
9751,3.800792384,2,1,5,65.34874008,1,0
9693,3.812018353,2,4,5,86.45968572,1,1
1803,3.812553997,2,3,1,77.11726772,1,1
5442,3.817315379,1,3,18,78.20429302,2,1
3973,3.819466271,2,5,22,78.22881132,0,0
5243,3.823772374,3,3,11,96.30013935,3,1
6654,3.831057851,2,5,8,66.64590976,4,0
9984,3.833025063,2,2,24,76.61699455,0,1
9861,3.838157983,1,5,21,78.82620307,3,0
453,3.849284582,3,5,20,61.77019732,2,1
4474,3.851413101,2,5,5,81.14809844,3,0
5729,3.853754353,1,5,23,65.77880585,1,1
7090,3.858777609,3,5,4,86.91349166,2,1
8203,3.86004553,3,5,21,73.35885807,1,1
4127,3.872181689,3,4,14,90.73062346,5,0
5085,3.877499019,2,4,23,64.07795207,4,0
2902,3.877532241,1,5,20,68.53702993,3,1
7455,3.877680912,3,5,17,84.72561463,1,1
9691,3.8801893,1,4,21,71.87603061,5,1
9919,3.880976734,1,4,9,76.64514774,2,1
39,3.882770942,1,2,14,72.98871796,3,1
3201,3.888917154,1,5,13,66.22971404,0,0
4693,3.889278766,1,5,18,67.69194181,1,1
9865,3.890735601,3,1,13,82.39649831,1,1
568,3.892922879,2,1,7,94.92119482,0,0
9664,3.897204065,2,5,20,79.5593824,1,1
305,3.90759428,1,5,3,61.32010571,2,1
2270,3.910079538,2,1,13,68.47764632,2,1
1479,3.912935591,1,2,17,64.91882446,3,0
5503,3.917828793,2,4,13,86.53078358,3,0
5387,3.930646797,1,2,21,70.20933859,2,0
9841,3.933372087,2,3,9,79.43097297,4,1
2280,3.934779013,1,5,18,74.36543481,1,1
7047,3.936948642,2,5,1,52.8041811,0,0
5993,3.944431149,3,3,15,59.45023828,3,0
4354,3.965856914,3,5,8,79.11864288,1,0
5973,3.965934303,1,3,3,55.13872422,2,1
3177,3.983677707,1,5,23,79.11301184,1,0
6842,3.996044337,2,2,24,94.30170465,1,1
9224,3.996222024,2,4,1,80.25032236,3,1
9253,4.00045821,1,5,21,74.62322466,0,1
5091,4.009317806,2,4,7,71.19006592,0,0
8058,4.019615298,1,5,24,91.67212827,2,1
6283,4.021298761,2,5,13,83.64754967,4,1
7250,4.023564473,2,2,20,80.14134208,4,0
9790,4.025744109,3,4,7,81.71053929,3,0
5080,4.027424198,2,5,5,89.25644492,1,1
3812,4.029804788,1,4,15,69.1261143,1,0
6570,4.030228602,2,2,20,62.11659039,1,1
5363,4.033646973,1,4,9,63.38633504,2,1
2749,4.035885332,3,5,4,68.12847508,3,0
1617,4.046148387,1,5,9,78.74326866,2,0
1475,4.051212168,1,2,15,73.14322752,1,0
9273,4.057428526,1,5,7,81.12360395,2,0
956,4.060677649,2,2,24,97.57417845,0,1
6982,4.061844826,1,2,2,57.62369934,5,1
4720,4.06293132,2,4,9,80.15968112,3,0
6281,4.070704641,1,3,17,102.3064015,2,1
1871,4.074962364,1,2,8,83.63143157,3,1
9091,4.076878936,2,3,18,56.53741966,0,0
195,4.079307649,2,5,7,77.0702847,6,0
8311,4.082018864,1,2,17,67.52363961,1,0
2541,4.082351854,1,4,3,63.86751547,2,0
8545,4.084355738,3,3,8,95.42504384,3,0
9857,4.08445359,1,5,9,74.11702136,2,0
1768,4.090489752,2,3,12,81.64724646,0,1
9810,4.097173664,2,4,7,67.09260004,0,1
791,4.098997892,1,5,1,101.1608979,3,1
6117,4.102104126,1,5,17,88.10872704,0,1
3341,4.102487935,2,5,4,69.87328865,1,0
2519,4.116219439,3,2,18,88.6746522,2,1
7344,4.139432769,2,2,17,69.64885875,2,1
7215,4.142236983,2,5,3,75.97918239,4,1
569,4.145214875,2,5,3,73.85566886,4,1
4189,4.14741012,2,3,2,63.29245485,0,1
517,4.15793826,1,5,8,77.17424671,0,1
5780,4.158355207,2,4,5,57.13298454,1,1
690,4.160623285,1,3,20,82.79242751,1,1
5462,4.163571946,3,5,6,83.74068171,2,0
1192,4.186801722,1,5,23,83.22675265,3,1
8287,4.193614872,1,2,18,70.78819815,2,0
5455,4.215100554,1,2,13,85.61295329,3,0
1075,4.215636473,2,1,15,69.80029817,0,0
3029,4.222097308,2,4,13,75.25245527,2,1
8357,4.224359698,3,5,6,77.43029067,0,0
1723,4.231518702,3,4,10,49.54352084,1,1
6534,4.233810125,3,5,8,66.0547322,2,1
8104,4.237468129,1,5,22,62.41274842,2,0
1425,4.249694144,2,3,13,90.58146835,2,0
3684,4.261002823,2,4,23,66.16376468,2,1
9207,4.267053978,3,5,21,74.54130902,5,1
7320,4.27733592,3,2,14,81.89769614,3,0
5379,4.279303135,2,5,19,56.98316096,3,1
3083,4.282113551,1,4,13,71.2368039,2,0
8505,4.290687046,1,5,1,74.25946442,1,1
745,4.292298663,1,2,11,71.60598296,1,1
3960,4.292389304,3,4,15,88.56289107,0,1
5814,4.296115723,2,5,7,63.14949724,5,1
6382,4.300249627,1,5,7,84.73219319,5,0
5094,4.304631216,3,4,8,66.51123757,2,1
8716,4.320429138,1,5,1,74.10773739,1,0
4956,4.32766034,1,5,19,96.81181665,3,1
785,4.329808737,1,5,14,85.98059685,2,1
4888,4.331611403,1,5,7,79.90631668,3,1
8152,4.336085673,2,1,10,67.67907005,2,1
8293,4.337290291,2,5,15,72.67032074,2,1
9619,4.342348889,1,5,3,74.08726701,1,0
1757,4.346219187,2,5,12,80.91564812,0,1
4900,4.352469174,1,5,2,73.58258861,2,0
8885,4.35561894,3,4,22,68.52726202,4,1
5590,4.373656547,3,5,8,58.42067435,1,1
8375,4.374708569,1,4,3,88.29361482,2,0
8328,4.391953794,3,2,11,65.57990245,1,0
4061,4.406705453,2,1,20,58.77359427,1,1
5938,4.409600458,2,4,11,91.49760897,1,1
9406,4.410537372,1,5,21,94.04505467,1,0
8413,4.413248614,1,4,8,86.4900309,0,1
9044,4.419417122,2,4,1,65.44764264,1,1
614,4.420462958,2,1,15,62.78590315,1,1
5377,4.432930977,1,5,14,57.08208171,0,1
6670,4.434853526,2,5,15,70.84653006,2,0
8500,4.437280159,3,5,4,51.86664276,2,0
7813,4.438176198,3,2,6,71.46367176,2,1
7308,4.439958647,1,5,24,90.79331232,2,0
9012,4.456530403,2,4,21,58.37056872,1,0
4630,4.462786188,1,5,1,89.3017437,0,1
4051,4.491320088,1,4,3,77.19853943,1,1
2596,4.494950863,2,4,18,66.3845638,2,1
2123,4.496877831,1,5,7,92.20879689,4,0
6426,4.500957541,3,4,11,61.03976574,2,1
66,4.502375254,1,5,18,80.51372607,1,1
8399,4.505737295,1,5,1,76.1308949,3,1
8106,4.506250923,1,2,9,64.13515754,2,1
4388,4.521417878,1,2,16,81.03668073,1,1
1063,4.521429074,1,3,10,75.18780819,2,1
9190,4.535197224,3,5,5,67.63261917,4,0
2578,4.540194695,1,3,12,67.56053769,1,0
4232,4.544646367,1,5,8,78.02787042,3,0
5200,4.578273843,1,5,14,71.53249908,2,1
8876,4.583787133,1,2,9,68.00115726,1,0
4181,4.586428156,1,2,8,79.82075727,2,1
747,4.588522515,1,5,18,77.43920153,3,0
4894,4.589987581,2,2,12,74.89237452,2,1
5229,4.596094584,1,5,21,82.16056548,1,0
9113,4.600943489,3,3,14,70.76574635,2,0
7492,4.601203353,2,4,11,83.39241865,4,1
993,4.603353401,3,5,18,97.3641939,4,1
3638,4.614772473,3,4,5,59.65400563,1,0
3726,4.617252279,2,5,6,80.85290017,2,1
1777,4.624804743,2,3,24,61.20771215,1,0
8851,4.625595423,1,5,4,84.79365225,3,1
3357,4.627957959,1,5,1,57.90384025,3,0
6919,4.628966711,2,5,20,53.68452565,1,0
405,4.632992246,3,3,8,87.22004763,2,0
3803,4.637070903,2,1,4,81.73645354,2,1
6486,4.637478505,2,5,8,59.82425789,4,1
1651,4.638604652,1,5,9,77.38164656,1,0
8401,4.64136806,2,2,16,70.87918227,2,0
7360,4.643763677,2,5,5,84.54154879,1,0
6308,4.648341241,3,5,15,64.7608605,3,1
2366,4.672433388,1,5,7,67.16838876,4,0
8587,4.673632922,2,4,8,57.45199973,1,1
5187,4.673965971,1,3,5,76.29877884,0,0
4560,4.676944947,2,3,8,74.605297,0,0
6505,4.67807961,1,5,11,80.93793255,3,0
1016,4.681495184,2,3,12,67.54410008,4,0
4411,4.694126414,1,4,22,67.64403874,5,1
4178,4.695359705,2,1,19,80.58959689,3,1
2570,4.697601768,1,5,4,65.08836078,2,0
429,4.710586876,3,4,24,69.99176019,3,1
1243,4.715260112,2,3,23,83.40285602,3,0
2866,4.738846816,1,2,14,75.13844071,0,1
6762,4.740632946,1,2,4,70.06705161,1,0
5520,4.768337764,3,2,8,59.06170058,4,0
5676,4.768976939,2,3,2,81.35683747,2,1
8805,4.770098668,2,2,22,68.93866822,2,1
3427,4.786191763,1,5,22,87.38439696,2,1
6386,4.787152639,1,3,12,44.06746851,1,1
4776,4.792167464,3,4,24,89.92685357,3,0
1420,4.822498517,2,5,21,70.08020889,1,1
7205,4.823123229,1,5,23,83.75108676,2,1
3854,4.838175702,1,5,20,90.49867388,1,1
3835,4.84512509,1,2,15,90.1639434,4,0
142,4.850877567,2,5,7,86.34331637,2,0
4306,4.851689941,1,2,14,49.44672001,2,1
7190,4.857440358,1,5,23,84.19516699,0,0
3319,4.862646898,1,4,18,75.71409397,0,0
2488,4.871178215,1,2,3,66.2550171,2,1
1928,4.871862035,2,5,10,93.54591358,2,1
799,4.872344197,2,5,16,70.05533534,1,0
6070,4.87417236,2,5,22,77.70018703,1,1
9736,4.883008219,2,3,19,69.93850713,1,1
6191,4.891497146,3,2,13,98.01470833,2,1
8576,4.903580522,2,3,3,75.20885186,5,1
8530,4.906258337,1,4,2,95.01326527,0,1
3541,4.911533207,2,4,2,79.85665425,0,1
276,4.91262973,2,5,14,72.68577959,1,0
8832,4.922836182,2,3,5,71.27191987,3,1
9716,4.951139658,1,2,12,79.40678823,2,0
1751,4.974489394,2,1,10,59.09854917,0,1
780,4.977203999,3,3,13,77.37749331,1,1
8735,4.982668979,2,2,22,72.48209002,4,0
9183,4.986493656,1,5,16,66.33590092,1,1
9870,5.00052188,2,3,23,75.58670794,1,1
4782,5.007329395,1,5,18,72.16128505,0,1
6176,5.012154855,2,1,13,92.41574231,1,0
2919,5.021936967,1,4,3,91.31591236,1,1
3733,5.029771101,1,4,5,67.08842754,2,0
4408,5.029880918,1,5,16,74.95945457,2,0
9940,5.036024799,1,4,21,63.18980057,1,1
8404,5.040395489,2,4,23,69.9790517,2,0
1656,5.042439693,1,2,13,69.31459531,1,0
3964,5.052252677,1,5,6,35.94175494,5,0
2977,5.060218664,2,5,8,76.59738187,1,1
4105,5.072299403,2,5,1,71.01514017,5,1
2858,5.076706203,1,5,15,88.13417367,1,1
5647,5.087185391,2,3,19,80.76306473,1,1
4732,5.087308245,3,3,9,94.79430854,1,1
2962,5.097835139,1,5,3,44.71616297,1,1
7633,5.107682323,2,5,21,80.56700823,2,1
4217,5.107953387,2,1,1,91.97677968,0,1
6964,5.111067766,1,5,4,73.55848534,0,1
5566,5.118329158,1,5,20,65.65355099,1,1
7284,5.12493884,1,5,1,65.41816642,1,1
654,5.126960618,1,2,1,73.78596435,0,0
1978,5.130349519,1,4,14,76.97964044,4,0
6113,5.136161832,3,4,21,84.73109296,3,0
5418,5.13678307,1,5,19,69.87000344,2,0
4305,5.138995032,1,2,16,65.40604792,3,1
5407,5.161088961,1,5,21,76.20264937,0,0
5962,5.163139125,1,2,21,74.67570241,0,0
3192,5.168246778,1,4,22,75.02722693,2,0
1141,5.176726598,1,5,5,74.67641082,2,1
427,5.179424874,1,2,17,93.92356755,1,1
218,5.181669097,3,4,10,77.39270739,2,0
3979,5.183428341,3,5,2,63.79658476,0,0
3865,5.188833314,3,5,19,73.55363394,0,1
1626,5.196341741,2,5,2,79.00912441,1,1
4391,5.197186276,1,5,6,88.28157258,2,0
2952,5.201367817,2,2,7,85.07024816,3,1
342,5.205701465,2,5,4,80.28130349,4,1
8408,5.20691161,2,4,1,84.88896221,1,0
2898,5.207046526,1,5,3,80.84389666,1,0
908,5.207115598,3,4,8,88.5054096,3,1
2770,5.216551055,3,5,24,89.77727455,3,0
4897,5.216838127,2,4,15,61.27928135,0,1
2077,5.235463126,2,2,3,74.19325692,2,1
8323,5.244396469,1,5,10,88.75120678,2,1
1749,5.244810339,2,1,13,69.281859,2,1
9258,5.247491367,1,4,24,72.4417829,2,0
7272,5.251106314,1,5,6,71.87453988,0,0
6742,5.260471758,1,5,21,72.10479175,1,1
9392,5.263008578,3,2,16,59.20306168,1,0
83,5.263718836,2,5,11,76.66340527,1,0
1018,5.269118017,1,5,14,74.92311945,5,1
4011,5.270377132,2,1,5,89.94039027,2,0
2438,5.270634325,2,5,18,67.60688335,3,1
6903,5.272543642,3,2,5,88.50319907,3,1
3358,5.275004317,1,2,9,79.39643439,3,0
1282,5.27767328,3,2,1,88.66039007,5,1
4133,5.280778092,1,5,12,83.32878651,0,1
8411,5.282293591,2,5,21,72.195435,5,1
3614,5.292970999,2,5,8,73.56718408,0,1
9998,5.297233654,1,5,10,89.8856557,2,1
2378,5.299498941,2,4,6,63.10925762,1,0
2487,5.315093384,3,4,23,76.9056554,0,1
2791,5.317267831,3,4,14,85.43049434,2,1
5114,5.317304499,1,5,17,80.08389165,0,1
2785,5.317999886,3,4,21,85.92044912,4,0
6272,5.320223526,2,4,2,76.33324316,1,0
929,5.321333831,2,5,4,82.39808229,2,1
1827,5.325092399,1,4,13,75.85655897,4,0
4036,5.326238863,2,3,15,65.68294018,0,1
7505,5.326448189,3,4,10,76.9567772,1,0
9448,5.333097348,1,2,6,51.17641447,1,1
7635,5.337348837,1,5,10,80.86022377,0,0
741,5.338476478,1,4,5,76.93519419,0,1
4864,5.339179322,3,4,21,89.87159024,1,1
70,5.33959998,3,4,7,76.94089452,4,1
9373,5.353935107,3,2,20,62.45204767,1,1
610,5.353998199,1,2,9,59.40331254,4,1
2211,5.35635497,3,3,6,89.32797903,3,0
5808,5.358969207,3,3,14,59.73675148,1,1
3871,5.362080699,1,5,23,82.31326532,2,0
6115,5.365069803,1,4,23,64.66508641,3,1
9369,5.372440462,1,3,9,87.58574927,0,0
537,5.375848081,1,5,24,76.58069987,1,1
3645,5.376900698,1,5,10,83.583837,1,1
7375,5.384524147,1,5,19,70.15196214,0,0
1806,5.384755232,3,3,4,66.69068332,2,1
5695,5.385552122,1,5,13,53.51188852,1,1
3963,5.398776897,3,5,18,63.06045417,3,1
5717,5.399935805,2,3,7,75.58251738,3,0
7804,5.403515116,2,5,16,67.5024605,2,0
9439,5.40699171,1,5,20,67.30523468,4,0
8841,5.406995497,1,4,24,90.14272897,2,1
4146,5.408322691,3,2,15,86.98382081,5,0
2060,5.408567694,2,3,11,77.00270397,3,1
4783,5.413213447,2,4,1,73.48115618,4,1
4646,5.415685571,1,5,4,91.03645036,1,1
7780,5.434061932,1,5,13,76.78328436,3,0
5659,5.454073067,2,4,10,55.26775143,2,1
6935,5.463454497,3,5,19,77.87885834,6,1
2968,5.481238474,3,1,3,73.83073988,1,1
8383,5.483053804,1,5,24,70.53421742,4,1
8393,5.490492033,3,3,3,68.57715596,2,1
9217,5.497763641,3,4,18,85.90458669,1,0
6306,5.498761813,3,5,8,71.33225649,3,1
6707,5.501940773,2,4,21,68.27909093,2,0
3908,5.50930399,1,4,17,67.12752871,0,1
6139,5.509499361,3,3,10,60.66403045,2,0
9560,5.515123168,1,5,20,51.30995584,2,1
3477,5.543636096,3,4,21,59.36267639,1,1
1890,5.547215036,2,2,14,67.98608593,2,0
2629,5.548125081,1,4,13,75.44505224,0,1
7318,5.55628522,1,5,22,78.74576558,2,0
8454,5.559015923,1,3,17,74.54157566,1,0
4014,5.559920409,2,1,9,77.54270982,2,0
6465,5.566344999,2,4,12,74.45126688,2,1
1563,5.575090417,1,5,16,80.62108375,3,0
2235,5.575407814,1,2,7,72.70608419,1,1
9878,5.57558092,1,5,6,69.97937793,2,1
2700,5.578511171,3,3,16,68.30752001,2,0
6415,5.580374712,1,3,16,84.37525892,1,1
1969,5.586054827,1,2,17,83.43552286,1,0
3549,5.593520286,2,4,4,83.13347293,1,1
1034,5.594534674,1,5,23,70.62736835,0,0
3587,5.597179653,1,5,9,77.07992799,3,0
2170,5.598731836,2,3,24,78.27923439,4,1
6910,5.605643025,3,5,24,81.934357,2,0
7439,5.609394633,1,5,23,88.44638993,4,0
5742,5.61000968,3,3,11,65.89996356,1,0
9139,5.613164968,1,2,24,97.03535368,1,1
971,5.615327828,2,3,17,94.52625263,3,0
7658,5.629431572,3,4,24,82.16352107,1,1
6279,5.635333996,2,5,10,79.73917134,2,1
7978,5.638365964,1,5,12,80.38359802,2,1
2840,5.653647489,1,2,13,65.02471313,2,1
3161,5.65470399,1,5,8,80.53919496,2,1
7187,5.661844765,3,3,9,77.05158282,2,0
8367,5.663418794,2,3,8,83.80331557,2,0
549,5.673684661,1,4,21,72.89358757,0,1
1659,5.674387469,1,5,5,67.20634011,1,1
5822,5.674873716,3,4,4,73.2181484,2,1
2122,5.683873202,1,5,1,87.01993318,3,0
6020,5.690387448,1,2,3,64.49786222,2,1
5707,5.691400683,2,4,2,87.59193255,2,1
5338,5.699199868,1,2,22,89.49957045,1,1
2853,5.704972411,2,2,1,88.15755586,2,0
6590,5.707142819,1,5,15,84.20885436,2,1
3616,5.715513861,3,2,15,94.47778322,4,1
8057,5.721494322,2,4,9,74.92736514,3,0
4050,5.732009361,3,3,14,84.4282452,0,1
822,5.735445473,2,5,7,78.77683755,2,1
3014,5.74234714,1,5,11,68.973299,2,1
2534,5.74371457,2,4,14,61.88254317,2,0
5573,5.759518815,1,4,15,86.87323252,3,0
7622,5.761596587,1,5,24,68.49842733,3,0
6091,5.764674071,3,3,8,61.4905822,4,1
4073,5.777804612,3,3,20,64.53465667,3,1
6183,5.778790048,1,2,7,86.94429592,5,1
2169,5.783888285,2,5,6,82.83600515,2,1
5982,5.788516064,2,4,24,64.60905917,3,0
7857,5.802335144,1,3,15,80.86085939,1,0
4734,5.819636798,1,2,8,68.22053059,4,0
4862,5.829646983,2,5,16,85.53881281,1,1
19,5.838557375,1,5,23,73.92174454,4,1
1535,5.839124257,1,5,17,71.29024359,2,1
1527,5.84685534,1,5,21,75.17535008,2,1
1702,5.851222918,3,5,18,71.31789489,2,0
5856,5.85240458,2,3,9,85.69938764,2,0
1157,5.852629316,1,5,13,53.8993757,4,0
9639,5.858236377,2,4,5,71.81447089,2,1
9836,5.859630452,1,4,1,77.19757663,3,0
8193,5.869633553,1,5,9,52.5671513,0,1
7324,5.899588996,1,5,15,78.74516083,2,0
8594,5.90301522,2,4,15,57.48574546,3,0
2189,5.90709181,2,4,23,58.9778941,4,1
7976,5.913170747,2,4,12,70.19638472,1,0
8640,5.917154727,2,3,21,80.77923835,2,0
7794,5.918513977,1,4,19,65.7875245,2,1
9688,5.922847251,3,4,21,76.31661915,1,0
5535,5.931442098,2,1,20,87.4329443,2,1
8822,5.933589964,2,4,22,73.33233272,3,0
2191,5.938136564,3,5,16,76.00032943,1,1
7973,5.949230182,2,5,12,70.13937953,4,1
4837,5.950775452,1,2,19,71.44313052,1,1
2364,5.98775733,3,5,9,85.91402992,3,1
2047,5.988429962,2,1,19,85.39979145,0,1
4247,5.995092919,2,5,21,74.15244659,2,1
4543,5.995739366,1,5,8,46.45985746,2,0
8125,5.999240157,1,4,3,70.0804624,3,0
9771,6.001065303,2,5,18,74.65405363,1,0
9520,6.003484513,1,5,21,90.17358175,0,0
8389,6.01468497,3,5,13,73.61156717,3,0
6644,6.032562531,2,4,18,79.24303304,3,0
9875,6.032856103,2,2,5,73.34968052,1,0
8100,6.038730989,3,4,24,68.95533877,4,0
4703,6.043018327,2,3,4,73.40831721,2,1
9983,6.047050458,2,5,15,64.81722827,2,0
3087,6.049049654,1,5,18,68.98387145,0,1
8907,6.051195413,2,5,24,77.38578943,4,0
2307,6.051917135,1,3,14,63.48914849,1,1
7774,6.05405349,2,5,7,59.74193968,4,1
3781,6.055613034,3,5,20,93.99473478,3,1
1502,6.059214503,2,5,4,76.9506885,2,1
5753,6.080377991,2,5,3,80.13809004,4,1
6052,6.080671389,1,5,20,83.46535603,0,1
4356,6.101995886,1,5,8,64.46291565,2,0
9507,6.105086254,1,3,22,86.68783467,3,1
9592,6.112299594,3,2,4,72.39437257,1,1
3356,6.115916209,3,2,10,70.87220208,0,0
6690,6.11733395,3,3,15,82.98834433,2,1
6739,6.122814256,1,5,22,85.63783883,1,1
7456,6.132598375,3,5,23,93.31150203,1,1
4738,6.140014093,1,5,17,85.62488465,2,0
4218,6.144860034,1,5,15,81.33243065,2,1
6140,6.148107331,1,2,16,82.01708504,2,0
5278,6.151513526,1,5,3,66.3676506,3,1
84,6.158799013,1,5,17,75.12456913,0,0
1724,6.162695233,1,4,5,79.80527052,1,0
4185,6.16781072,3,3,15,77.57628332,0,1
2106,6.168312266,3,1,6,84.26754891,3,0
1208,6.175827021,1,2,6,76.9805675,2,0
26,6.181276164,1,3,3,94.27165218,0,1
3936,6.186040681,1,2,18,73.24206076,3,0
500,6.188833596,1,2,18,69.18389187,1,0
2263,6.193580085,3,5,3,76.33599452,1,1
6520,6.195057877,2,3,17,85.56962308,1,0
5406,6.199875524,3,5,11,71.94821308,0,1
2527,6.201774869,1,5,4,90.17886976,2,0
2750,6.204223384,1,5,22,80.92265902,3,1
1976,6.214865933,3,2,3,75.84952344,3,0
9971,6.216495104,1,5,21,75.22187288,0,1
4816,6.217014531,2,5,24,79.90535955,3,1
7866,6.218197764,3,2,6,87.77865546,3,1
3109,6.23163274,1,3,12,76.84720737,2,1
8803,6.232742001,2,4,1,73.81595649,1,1
2335,6.240996541,1,5,17,85.66693156,1,1
5531,6.242895024,1,2,6,70.40065619,5,0
5425,6.243888771,2,1,23,64.57382424,0,0
6866,6.251352985,1,5,8,73.79822123,2,1
9182,6.251964792,1,5,3,73.78437783,2,0
3348,6.259662835,1,4,12,67.10426389,1,0
4586,6.263455508,2,2,17,86.5422799,3,1
6009,6.266077619,2,4,8,89.6393286,0,1
1130,6.267011472,1,5,16,80.69064613,6,0
1884,6.26909958,1,5,2,50.58483922,0,1
7969,6.271023641,3,2,1,81.93079907,4,1
869,6.276901209,1,5,9,60.56195183,1,1
1717,6.277452339,2,5,6,69.51999295,1,0
9630,6.280908678,3,1,19,69.37838191,1,1
5281,6.291832477,2,2,3,61.11657066,2,1
2424,6.292245811,3,3,22,79.79221103,3,0
3564,6.298320672,2,5,4,67.82984061,1,1
2277,6.302074975,2,4,11,77.47846834,1,1
9637,6.303105758,2,5,7,59.37216632,2,1
817,6.307277685,2,3,20,81.80032687,2,0
7954,6.31749292,1,5,4,86.79270857,1,0
9877,6.318507245,2,3,22,74.26446212,1,0
406,6.3189595,3,2,19,77.18914138,3,1
8406,6.325879837,1,5,18,92.93892555,1,0
5251,6.330735319,3,5,22,90.07497564,1,1
6607,6.350851563,2,2,21,64.6028858,2,0
86,6.353139256,3,4,12,83.94340118,1,0
2810,6.353947665,1,5,9,77.49988706,3,0
6632,6.355870812,1,5,10,56.82375105,1,1
8053,6.360193196,1,2,22,82.61648272,1,1
4569,6.365700116,2,5,9,75.78102244,1,1
8093,6.367186744,3,5,8,73.29290205,7,1
390,6.372188309,1,4,20,72.41251516,0,1
6472,6.372465389,2,4,21,70.34191841,0,0
4502,6.374985808,1,5,15,85.95770549,3,1
3804,6.375636524,1,5,5,88.39036529,5,0
5182,6.376789206,3,5,16,71.65100138,1,0
2306,6.38429365,3,2,6,83.25244336,3,0
8116,6.385327131,1,5,6,74.82270599,1,0
3687,6.38694369,3,2,18,76.33485322,2,1
1787,6.388087784,3,4,12,95.87265276,3,1
9737,6.393501465,2,3,12,73.53775498,1,1
1215,6.395748278,2,5,2,83.62773283,1,1
7757,6.40193727,1,5,10,85.79736775,0,1
3321,6.403230171,1,3,6,67.48246829,3,0
5483,6.417140213,2,2,23,57.85109724,1,1
9686,6.419514461,2,3,13,74.81087371,1,0
7111,6.425895472,1,5,7,97.41732168,6,0
9022,6.429710915,1,5,15,70.09458841,4,1
2739,6.429954518,2,4,15,50.37490741,3,1
7988,6.430648397,2,2,23,65.39499767,2,1
6022,6.43720851,3,1,11,90.4751563,2,0
7782,6.449434296,1,4,21,68.7172081,3,1
8486,6.452195586,3,2,19,78.99599114,2,1
9348,6.457152872,2,5,17,76.28479894,2,1
7936,6.462132212,3,3,21,53.27025433,0,1
4790,6.46265335,1,4,4,85.38878232,0,1
6896,6.46369267,2,1,2,60.81876304,3,1
4755,6.47063852,1,2,3,81.50218021,3,1
5361,6.478917076,1,5,4,94.07910792,5,0
4381,6.500949581,3,1,1,79.36364447,3,1
4130,6.509162761,2,2,1,82.41028322,0,1
7207,6.520122314,3,4,6,76.95433309,1,1
4655,6.53427393,1,5,18,68.41306342,1,1
9375,6.541698964,1,5,21,84.69573574,4,1
9141,6.546531472,2,2,7,70.54717491,1,1
2832,6.562144723,2,5,22,65.58885345,1,1
416,6.576087085,1,5,9,74.5492211,2,1
1350,6.588102652,2,4,10,83.31028833,2,1
8894,6.608710529,1,5,10,59.62574571,1,0
795,6.625223922,2,5,12,67.97068216,3,1
3398,6.627836651,3,2,24,58.00611517,2,1
4912,6.637014247,1,5,17,63.43720934,5,1
1111,6.639301952,3,4,12,70.02750129,2,1
6466,6.646935431,2,4,6,79.50950845,4,0
6798,6.658718247,2,4,7,75.61283909,2,1
1856,6.662695142,2,1,24,81.32811456,4,1
3503,6.669525904,1,2,20,84.14955097,1,0
572,6.678459714,1,3,23,90.50569638,1,1
441,6.678713956,1,2,8,78.13500029,1,0
4034,6.688740096,1,5,18,78.4283,2,1
3619,6.689874276,1,5,21,84.45598885,2,1
8140,6.692725588,1,3,14,71.31625919,0,0
7798,6.69620576,2,3,2,67.73770206,1,1
53,6.696516333,3,2,20,68.01811724,4,0
8205,6.698212697,2,4,7,57.61146691,3,1
4445,6.703542734,1,5,3,77.37215455,1,0
6124,6.714443771,1,3,17,73.48411735,0,1
4813,6.716305853,2,1,23,76.61037338,2,0
1283,6.718198832,1,3,17,79.35472562,1,0
2143,6.721429257,3,1,3,81.68459872,4,0
490,6.726367588,2,5,9,70.29371659,3,1
5556,6.734499911,1,2,15,62.59857257,1,1
7418,6.745852463,2,4,5,82.42480677,3,1
3680,6.749364913,3,5,10,83.08522504,0,1
3497,6.752512401,1,4,21,86.82403381,3,1
1583,6.75477725,1,4,2,72.59461466,0,0
4294,6.771781084,2,1,17,81.81110953,1,1
4733,6.777314462,1,5,22,73.68825149,4,1
3631,6.787340778,2,4,15,61.72606145,1,1
712,6.792138178,3,1,7,85.01701095,3,1
1229,6.79893738,1,5,10,86.43588178,3,1
4003,6.799434103,3,2,1,56.93537528,2,1
3463,6.799698298,1,5,4,88.70934283,1,0
3000,6.802062558,1,5,9,60.23967738,2,1
6152,6.80774397,2,5,24,79.01507228,2,0
1436,6.811978289,1,3,18,83.14126216,3,1
3903,6.860928483,2,5,9,69.34887064,0,0
409,6.870905856,1,4,16,75.52026791,1,1
4825,6.873729459,2,5,22,97.22975252,0,1
9063,6.876006151,1,2,2,84.80564024,3,0
6954,6.87834448,3,1,15,82.37447062,3,1
8510,6.879295283,1,4,24,84.3350603,2,0
8996,6.890090445,2,5,6,83.65548979,2,0
8272,6.899817197,1,2,20,80.79189389,2,1
1486,6.906570026,3,4,10,74.17875042,6,0
6876,6.911230934,2,5,24,76.29221839,1,1
918,6.911418299,3,2,3,73.09575923,1,1
7119,6.913178211,1,5,9,97.9262979,1,1
2581,6.91420255,1,5,22,79.41733721,2,0
5495,6.918046581,1,5,22,77.74135638,2,0
2062,6.924011176,1,2,11,65.43649846,1,1
9385,6.949699985,1,5,6,64.43807699,0,1
7567,6.958521559,2,3,4,71.30809242,1,1
9502,6.960027729,3,3,5,91.00870479,4,1
3858,6.963030173,3,5,1,82.62773492,5,1
8177,6.963796121,1,5,5,85.09124939,4,1
6502,6.966193013,3,3,23,75.72384923,4,1
1636,6.967506987,1,3,12,76.83296434,5,1
5459,6.968266012,2,3,22,79.18555521,2,1
5316,6.973466891,1,5,20,65.42743638,0,1
9170,6.97474475,1,3,21,81.15403997,3,0
4314,6.97571995,3,1,9,71.96516825,2,1
6746,6.977286834,1,3,8,83.39937794,1,0
1599,6.981168005,3,4,5,92.15923313,1,1
9339,6.983021706,1,5,1,73.41214944,1,1
8266,6.985932414,1,4,17,75.2208411,2,1
3505,6.988414583,2,5,22,71.44157928,6,1
6867,6.997140078,1,5,21,68.59761569,1,1
5358,7.022835904,3,5,6,70.9491594,4,1
437,7.023308939,2,1,13,74.4820812,1,0
8250,7.024023362,1,5,8,79.26336465,2,0
4812,7.029211722,1,4,15,93.44019812,4,1
9610,7.0322833,2,3,14,71.38357905,2,1
3824,7.03262199,1,2,23,86.15855716,1,0
3220,7.038971318,2,5,18,57.01049873,0,1
6712,7.047758591,1,5,16,75.38409246,1,1
7789,7.050961108,3,3,16,93.5674924,3,0
8354,7.066092337,3,2,5,79.9348007,2,0
1384,7.069932254,1,4,3,69.57705012,0,1
4401,7.089287246,2,5,4,63.18192405,0,1
2444,7.098745289,3,1,18,55.55992071,4,0
3719,7.106876945,1,3,19,77.68235375,2,0
1932,7.111024838,3,5,7,83.06363786,4,1
5657,7.112855822,1,5,13,80.12178176,2,1
5582,7.113927686,3,2,5,91.4840898,2,1
7044,7.12704666,1,5,8,83.77618948,3,1
6604,7.132539803,2,5,8,77.49840567,2,1
5791,7.156860565,2,3,5,72.80106691,1,1
4899,7.161122583,2,3,3,69.33881152,5,1
5193,7.167220798,1,2,23,80.02067197,1,1
4975,7.168660708,1,5,14,97.46973271,3,0
9730,7.179189089,3,3,1,68.40071986,1,1
2051,7.181008428,2,5,5,66.23474632,5,0
1982,7.190813793,1,5,6,71.57894417,2,1
4570,7.193304117,1,3,10,65.41883037,5,0
920,7.195127664,2,5,15,65.82799775,0,0
6547,7.196537477,3,5,5,97.40226295,2,0
2069,7.199399741,1,5,20,73.14028409,1,0
4976,7.20711379,3,2,15,84.96843949,2,1
694,7.218858536,2,5,22,62.09327566,4,1
2187,7.22902879,1,5,13,51.13982001,1,1
7925,7.235872376,1,5,8,58.49870491,2,1
4233,7.239778886,1,3,8,85.22032649,1,0
8927,7.251324857,1,3,18,76.37832464,2,0
3650,7.256111944,1,2,3,78.19313433,2,0
3130,7.281756304,1,4,23,90.56556471,1,1
6892,7.282039336,1,5,22,80.43851012,2,0
7656,7.284469862,2,2,15,75.8600732,3,1
1554,7.287844807,3,5,20,78.28908105,3,0
4267,7.294145086,1,5,4,88.49078839,3,1
2319,7.295312065,3,1,21,88.14077974,5,1
3478,7.300221638,3,5,14,70.90249925,1,0
7835,7.303088116,1,4,22,87.33060383,0,0
4468,7.309421557,1,5,14,87.79853851,3,1
2699,7.31431553,1,3,20,73.53735779,4,0
5950,7.320367174,1,5,5,63.48899896,2,1
1597,7.322769582,1,3,14,79.79678694,2,0
1742,7.33053523,3,1,12,86.57008892,1,1
6951,7.333758371,1,4,5,76.72387362,1,0
3142,7.343491644,1,5,13,78.75644265,2,0
8622,7.350194471,1,5,3,87.49178525,2,0
466,7.351289761,3,5,11,84.80854086,4,1
2744,7.356886912,1,5,24,75.06948471,0,1
9495,7.366086939,1,5,8,72.71596443,0,1
7399,7.375666753,2,2,19,67.70479293,1,1
9325,7.386562733,1,5,15,54.71549947,1,1
380,7.404781871,1,5,18,82.18172006,0,1
2993,7.404852509,1,5,13,85.58068455,1,0
3690,7.407646655,2,4,10,45.68113984,2,0
7611,7.408175165,3,2,11,55.00889179,4,1
8030,7.411455465,1,5,13,79.40514893,8,1
8918,7.418228785,3,5,9,86.47147071,4,1
4041,7.432215496,3,5,8,73.43037874,5,0
9847,7.434522969,1,4,7,67.01208419,2,1
6460,7.439620821,2,4,2,73.12833623,2,1
912,7.441997702,2,1,8,73.04355869,0,0
6925,7.446377219,2,3,10,61.10183411,1,1
8259,7.449059908,1,3,4,80.25525654,3,1
7900,7.468747881,2,5,9,89.62433941,0,1
6094,7.478663198,3,3,8,70.17927844,1,0
3879,7.487553599,2,5,8,79.36634188,0,0
4282,7.490178506,2,3,17,75.62045173,3,1
4193,7.49905616,1,5,5,85.06206475,3,1
3596,7.499986027,1,3,16,89.78695802,3,0
2441,7.501211557,3,2,11,59.72161126,1,1
9213,7.525858905,1,5,16,76.29745161,4,1
6684,7.547309269,1,4,20,62.98662397,3,0
9606,7.547979916,3,3,21,72.32333676,2,0
6995,7.54951136,3,4,13,74.44054427,4,1
363,7.551046908,1,5,15,79.86535959,1,0
9445,7.558897817,1,3,18,82.98822776,1,0
7073,7.567772798,2,5,5,76.54374147,0,1
7268,7.569046217,3,5,9,70.01231087,2,0
4317,7.571542872,3,5,2,67.43575094,2,1
7498,7.582526059,1,5,9,86.40047676,2,1
2158,7.606761227,3,5,23,69.95536889,2,1
5774,7.626345565,1,5,22,63.89204118,0,0
9581,7.627981204,1,5,10,79.4711473,0,1
5765,7.629191802,2,5,13,76.65035335,1,1
7725,7.641444511,1,5,1,78.94166014,4,1
4373,7.642910532,2,3,10,72.08068248,2,1
7171,7.645886043,3,2,21,86.68900578,3,0
4340,7.64678582,1,2,3,71.26446478,0,0
5369,7.648263027,1,4,20,62.94803957,3,0
5697,7.649331106,2,1,18,83.36374391,1,1
3997,7.649545547,1,4,12,62.7945937,1,0
2834,7.654670354,1,5,9,72.79880148,0,0
4768,7.65623738,2,3,12,91.75183118,1,1
7033,7.665522036,2,5,20,66.18143037,0,1
1686,7.672106129,1,4,3,71.70666313,2,0
1259,7.67513189,2,4,8,80.66216955,2,1
2548,7.680683018,3,1,13,65.65439307,1,1
237,7.6867731,3,5,7,84.24124816,1,0
8741,7.690577368,1,5,6,87.90513996,5,1
5410,7.696057286,1,5,20,75.08136177,1,0
1426,7.699028305,1,5,13,57.0525462,4,0
7286,7.701837288,2,5,13,70.53885329,1,1
1194,7.707939458,1,3,16,88.50326423,0,0
2651,7.720091438,2,4,21,78.54550643,2,1
8793,7.722933339,1,5,5,67.62444379,0,1
1860,7.724109846,1,5,19,77.69270823,1,1
8965,7.734501735,2,4,4,81.28399908,2,1
8856,7.73892858,1,5,11,75.94534135,1,0
2292,7.760818965,3,2,4,71.84710658,1,1
8968,7.763242614,2,4,16,75.1833099,3,0
4432,7.772004686,3,5,2,70.52175937,1,1
1252,7.783127769,2,5,4,77.30515339,4,0
3807,7.789765127,1,4,12,72.59563715,1,1
1800,7.793746336,1,3,3,71.95827001,3,1
3367,7.824274016,2,5,11,78.72933626,3,0
1852,7.826920004,1,5,18,57.52677803,5,0
7414,7.828636822,2,4,20,67.68829645,3,1
128,7.830156779,1,2,1,68.55868777,1,1
5093,7.841970854,2,4,10,78.46420138,0,0
3771,7.842247661,3,5,2,79.58842387,4,0
9506,7.843692355,1,3,2,80.72662744,0,0
6835,7.85681924,1,4,3,61.90913878,1,0
5092,7.859115834,1,5,18,82.96764946,4,0
4883,7.865671936,2,4,13,81.05728622,1,0
422,7.866521184,1,5,17,81.65818328,1,1
4093,7.881761199,1,4,8,63.210178,3,1
3808,7.882812949,1,3,9,75.38814496,3,1
1813,7.914029228,2,5,15,58.16214103,3,0
666,7.922465131,1,5,21,61.42384128,1,0
2414,7.928279097,1,5,24,68.9278998,2,1
4180,7.945696773,1,5,18,81.61416949,3,0
5024,7.959287405,2,5,10,70.59663162,0,1
5498,7.965458965,1,3,14,78.35824684,2,1
4635,7.968119113,2,5,15,74.69400246,2,1
6136,7.969674301,3,1,9,97.35568119,2,1
1443,7.970463377,1,5,2,78.42527442,4,1
6720,7.979552226,1,5,22,90.05929459,1,1
7307,7.980989903,2,4,13,69.6670917,2,0
2399,7.982728374,1,5,18,87.53722617,1,0
2485,7.988880097,2,3,10,74.06817187,2,1
1363,7.990926167,1,5,21,75.35608898,2,1
850,7.992490396,3,5,18,71.65669593,1,0
6715,7.994363296,1,4,20,87.03818755,2,0
1917,8.002817109,1,5,22,87.33623582,1,1
5994,8.006652346,1,2,20,75.26862418,3,0
9298,8.016167438,2,4,22,68.47887645,2,0
703,8.01886323,1,5,2,76.84664364,4,0
1812,8.022480217,1,5,4,64.14314251,2,1
9138,8.041797381,1,3,4,75.86611235,0,1
6943,8.046890038,1,4,14,73.32892877,3,1
5077,8.056092582,3,5,17,69.19686684,2,0
5231,8.056508848,1,4,18,81.98451623,4,1
6747,8.057307171,2,2,10,83.11083619,2,1
1696,8.060078825,2,5,16,57.31009937,2,1
5489,8.065484929,3,5,22,62.35438946,1,1
7850,8.065599192,2,4,24,73.36584649,0,1
6806,8.072829712,3,2,18,100.9169309,3,1
7086,8.076539113,3,3,15,57.73942655,1,1
5514,8.07938973,1,3,3,69.1532198,3,0
7686,8.094079069,1,2,14,80.62055734,3,1
743,8.102104789,1,4,23,84.47621022,2,0
3212,8.10471163,1,5,22,75.11208584,2,1
7846,8.109191233,3,5,21,101.2039334,1,0
4990,8.110181315,3,3,4,75.84746208,3,1
1026,8.110535666,2,5,10,84.15175459,2,0
859,8.110952628,2,3,3,70.5502422,3,0
2374,8.120254216,1,5,14,80.75169496,2,1
4685,8.132579798,2,5,20,75.74613658,0,1
7749,8.133180565,1,5,8,87.91192183,1,1
9580,8.149843865,1,2,4,54.37234786,0,0
1168,8.157279894,1,5,19,95.01284359,3,1
3990,8.158560395,1,5,17,98.95244925,3,0
5800,8.161652121,1,2,14,59.49353477,1,1
6767,8.16172565,1,3,11,82.62867769,4,1
1382,8.161774628,1,5,21,82.33769432,2,0
386,8.170064989,1,3,11,67.37283066,2,1
2960,8.171632205,2,5,23,85.07203599,2,0
3355,8.172739059,1,4,21,86.9614495,1,1
6752,8.191819927,2,4,6,65.58658354,2,0
2499,8.208309141,2,3,5,66.84500235,1,0
4266,8.211568381,1,5,17,85.07863415,4,1
7381,8.212681944,2,3,13,61.91168692,2,1
4329,8.217547801,2,3,15,80.79475326,1,1
5328,8.226452108,1,4,13,61.47839853,3,0
1822,8.227339597,2,1,15,81.34003377,3,1
5403,8.228326663,3,5,20,73.75396938,2,1
5103,8.236963921,1,2,7,80.47661627,0,0
5199,8.243519093,3,4,9,66.95060149,0,0
5518,8.250899082,2,1,17,83.84393297,1,0
8833,8.257639735,3,1,23,66.66300797,4,1
2482,8.267414918,2,4,6,59.92280032,1,1
6203,8.271950476,3,1,4,69.59744891,0,0
2842,8.272811336,1,5,13,73.02895632,2,0
6354,8.274125332,2,5,11,67.51994682,5,0
4545,8.289246859,1,3,6,71.43014959,3,1
1943,8.290403315,2,3,13,68.4332107,2,1
7130,8.29660091,1,3,15,68.60333285,4,0
2543,8.320022846,1,3,19,85.58946998,2,1
155,8.320261484,1,5,9,65.83188711,1,1
9529,8.325247762,2,5,4,57.12123638,4,0
8688,8.327213728,2,4,12,45.03531893,2,1
814,8.331714727,1,5,21,90.74179365,1,1
4390,8.336850952,3,5,5,84.47123132,2,1
2411,8.339930283,2,5,4,57.77045067,0,1
6918,8.347830762,3,3,19,78.14409062,1,1
4735,8.357721503,3,4,3,64.98477421,1,1
8698,8.357879637,2,5,1,78.5977691,3,1
825,8.359634315,2,2,6,91.2563263,4,0
1501,8.362568825,1,4,23,67.70430526,1,0
982,8.386485721,1,2,5,75.83779237,2,1
7786,8.387438019,1,5,5,74.72241484,1,1
913,8.388777965,3,4,9,56.29187771,1,0
18,8.389999465,2,5,20,65.80616029,1,1
6671,8.395000851,1,4,17,71.07851528,1,1
6125,8.396838619,1,3,2,57.69582035,3,1
2377,8.402217692,2,3,2,88.28712771,2,0
2354,8.404840262,2,4,23,77.06583505,4,1
0,8.427187446,1,4,18,68.36045451,4,0
5261,8.434882357,1,5,8,81.82368209,2,1
9393,8.440431008,1,5,8,73.7689616,4,1
9472,8.440447551,1,4,23,77.08766035,3,1
6122,8.445832718,1,5,6,83.55521064,1,0
9545,8.448539369,3,1,9,81.85763776,3,1
665,8.464074533,3,5,8,69.65663233,2,1
2781,8.475685724,2,4,17,49.67572609,4,1
1128,8.48196268,1,5,3,87.08807415,4,0
4713,8.482596221,2,5,23,79.37086347,3,1
410,8.484782693,2,5,20,79.5905066,4,1
8654,8.490814005,1,5,24,68.86006957,2,1
3567,8.499359908,2,5,5,41.7529423,2,0
9250,8.502233819,2,3,11,63.40394987,1,0
2892,8.503104944,1,5,7,73.19338814,2,1
3236,8.522477264,2,3,19,73.09462887,3,1
3376,8.523040637,1,2,21,77.73807348,4,1
4157,8.53607683,2,4,4,64.37427385,1,0
966,8.541891473,1,4,5,86.4964721,4,0
6613,8.54928284,3,5,24,77.96323476,2,0
2676,8.555983392,2,1,21,76.27533714,3,0
7473,8.559298364,3,4,6,82.88171013,0,1
1971,8.559324825,2,3,9,77.75642684,5,0
9322,8.573280642,3,4,2,63.1022452,3,1
900,8.588827414,2,4,7,83.27057623,3,0
1513,8.598225513,2,1,12,85.98851456,0,1
6647,8.602000479,2,5,18,70.94567309,6,1
8424,8.614990581,2,3,3,64.56504327,2,1
9885,8.615198578,2,3,5,75.80495471,1,1
7601,8.626622971,3,4,19,81.57855059,3,1
7369,8.628031915,2,3,12,87.33777002,1,1
7539,8.63713585,1,3,15,76.50361834,3,1
2273,8.648224831,2,1,11,76.14397664,2,1
4378,8.648813703,3,3,24,73.88231689,4,0
7764,8.65068176,1,5,7,86.61403036,0,0
4498,8.651688979,1,5,3,81.22725928,4,0
1272,8.658038425,1,3,6,81.0821196,0,1
7966,8.659307481,1,5,19,78.00896185,0,1
7834,8.663246859,2,4,18,78.29393858,1,1
8029,8.68208636,1,2,13,71.24155691,2,0
9508,8.691751266,2,5,19,82.12355044,1,1
3088,8.692444572,1,5,3,75.5431546,5,0
1064,8.699483021,2,1,2,66.09220125,1,0
205,8.706743264,3,4,12,70.63336982,2,1
9773,8.708306778,3,1,16,91.7834327,1,1
4318,8.709339531,1,5,20,72.33716055,0,1
5956,8.70998859,1,5,17,77.622234,3,0
2941,8.712596066,1,4,18,64.26364138,2,1
3210,8.714273639,1,5,7,93.84911376,0,1
2217,8.729351939,2,1,11,88.28311243,2,1
5876,8.730081082,1,2,24,62.03368686,4,0
9277,8.73012223,1,5,22,58.20566411,2,1
6244,8.738436952,1,5,24,80.20074377,1,1
1297,8.7399088,2,3,9,65.23200581,2,1
9309,8.749954422,1,5,2,52.62984032,1,1
3821,8.763907957,2,5,24,64.85029917,3,1
2806,8.783181085,1,4,9,68.61994994,2,1
4989,8.787760203,2,3,2,78.61949279,4,0
562,8.798708819,1,3,21,82.54028764,4,1
3785,8.801411663,1,5,6,67.4845789,3,1
5877,8.802261633,1,4,17,61.22218727,3,0
5196,8.809506974,1,3,17,72.2840337,3,1
958,8.809972808,2,1,11,74.70958335,4,1
5009,8.831448486,2,1,23,73.238921,0,1
1870,8.85101373,1,5,7,54.80623882,2,1
2936,8.851058542,1,5,20,54.29684253,2,1
7420,8.853510112,3,2,15,98.29709555,2,1
1294,8.856237539,1,3,15,72.10933368,2,0
3140,8.87255194,2,2,4,84.78966132,1,0
8462,8.878464816,1,4,18,82.34912079,1,0
8077,8.878915378,3,1,9,93.53099423,3,1
58,8.881600008,1,4,5,79.35248229,1,1
633,8.885669435,1,5,2,73.57241378,3,1
59,8.88618878,2,5,4,76.55104988,1,0
5039,8.893193461,2,4,19,71.99983959,5,1
9068,8.894742681,2,5,19,83.75847077,2,1
2743,8.894963859,3,5,18,82.37350769,4,1
705,8.926079177,3,3,3,67.39801649,6,0
9414,8.931355237,2,5,12,58.09510482,2,1
7577,8.945358809,2,3,23,70.56112364,3,0
7526,8.948115234,1,5,6,65.11228394,0,0
3188,8.953705188,2,5,3,70.98322433,1,1
6163,8.968555568,2,5,19,81.51523996,0,1
1449,8.978439449,1,5,14,69.91686691,1,1
2544,8.979277298,2,1,18,63.13072154,3,0
5405,8.98178297,1,2,17,75.5798392,5,1
9907,8.988856422,2,3,12,74.47028957,2,1
5297,8.992038529,3,5,20,81.5113414,2,0
3504,8.992487295,2,5,13,69.58112772,1,1
5658,9.011064849,1,3,6,72.66133874,1,1
2717,9.01555894,1,4,8,88.10541354,2,0
5867,9.040140234,3,3,9,77.72681951,3,0
1471,9.042887503,1,5,23,63.88310502,1,0
3718,9.053137845,3,2,8,70.08700601,1,0
8056,9.055921044,2,2,6,77.07150673,5,0
1946,9.057327612,1,5,16,89.16135249,3,1
9471,9.06107043,1,5,19,94.38328872,0,1
3999,9.087640097,3,4,13,81.22139716,4,1
9761,9.094780556,2,4,10,79.81625572,3,1
4269,9.101535223,3,1,12,76.69692791,1,0
5273,9.107161329,3,5,6,67.13931417,2,0
1432,9.114644371,2,4,9,71.48150101,5,1
6144,9.118206002,3,2,10,87.60759304,5,1
7371,9.121165732,1,4,24,86.29816935,3,1
3388,9.123989513,1,5,12,79.97405925,3,1
628,9.12658057,1,4,4,71.17220873,1,1
9107,9.128772401,2,2,11,95.29214821,2,1
3668,9.13957403,3,5,5,99.51000588,4,0
8949,9.13980754,2,3,5,75.35073336,4,1
4377,9.140238568,1,5,3,86.27779831,0,0
1125,9.143267777,2,4,7,84.0873891,1,1
7776,9.149565993,2,2,14,75.94495325,0,1
5743,9.149941913,2,5,7,75.2293805,3,0
3106,9.150691687,1,2,13,71.50244079,0,1
797,9.150989226,3,2,20,71.71664163,2,1
112,9.161233505,1,3,12,83.37845679,3,1
3387,9.164815524,1,5,22,80.26121569,2,1
947,9.165613067,1,3,3,62.98886063,0,1
8988,9.178166236,1,5,7,59.7529306,2,1
9787,9.182185555,3,5,1,67.58667048,3,0
5135,9.192941548,2,4,2,83.82556891,2,1
8249,9.200188212,2,1,1,83.88085544,0,1
5412,9.215433097,3,1,8,74.02713724,3,1
7447,9.217215374,1,3,3,72.91200082,2,0
3410,9.219532608,2,4,18,101.1507785,0,1
2590,9.223463883,3,2,6,86.32363636,2,1
7506,9.231277137,1,5,4,103.7621621,2,0
8050,9.233853935,1,5,4,84.14408701,4,1
621,9.237554748,3,4,19,72.93105727,4,1
5444,9.241432966,1,5,6,67.87700826,2,1
7449,9.243300469,1,3,10,73.92315805,3,1
1949,9.270502161,1,5,7,66.67692579,1,0
1900,9.275199468,1,3,14,76.51040228,3,0
3758,9.282062692,3,2,15,87.90954292,1,1
2640,9.284315534,1,5,8,70.68143353,4,1
1112,9.293940601,2,2,13,70.24368208,0,1
6351,9.294099042,1,5,18,96.31024287,1,1
2107,9.29646525,1,4,10,75.53383839,2,1
2886,9.296502907,1,5,8,65.57664468,2,1
4756,9.311855809,1,3,1,89.1896449,3,1
1204,9.313068689,2,5,3,84.42270329,2,1
5773,9.315162369,3,3,11,90.56452515,2,1
6215,9.33710113,2,3,17,78.31820574,0,0
3786,9.339378819,1,2,13,79.88017348,0,1
5660,9.339462862,1,3,19,62.31475126,1,0
4360,9.34400415,1,4,1,75.28496461,1,0
202,9.345022836,3,1,12,83.74917846,0,0
196,9.352148788,3,3,8,58.56093562,4,1
4803,9.353473195,2,3,5,82.1295671,0,0
1353,9.362095223,1,2,24,73.07742979,2,1
3070,9.365992518,1,3,23,60.21934265,3,0
6518,9.378179658,1,5,10,75.49147632,2,1
5632,9.384946303,1,5,22,86.35473344,1,1
7400,9.432842633,2,5,21,81.89368191,3,1
6322,9.455420356,2,3,24,65.81788899,4,1
1865,9.462223977,1,5,2,79.68671657,4,1
6362,9.469341977,3,1,23,73.58389669,2,1
5456,9.480383705,1,2,12,71.4474999,1,1
6719,9.491117693,3,2,23,88.42662591,0,1
863,9.500381417,1,4,22,68.2453676,2,1
2312,9.501762551,3,5,21,73.12336226,1,1
9554,9.501769214,1,5,23,68.68427141,3,1
4540,9.506714008,2,2,2,69.41710334,6,1
6436,9.511395457,2,3,4,69.27772108,4,1
6535,9.516037756,1,2,23,94.99026129,3,1
2199,9.525045049,1,3,24,82.43515923,2,1
6214,9.537179736,2,2,21,81.19554169,3,0
3927,9.53796031,1,3,6,72.74581942,3,1
5402,9.538374565,2,1,14,70.5108352,3,0
9966,9.544738102,1,4,16,73.96295828,2,0
5816,9.549648891,3,5,16,83.84270407,3,1
1963,9.557548405,3,5,6,75.22146289,3,1
5515,9.558336872,3,3,23,59.16049934,1,1
6212,9.561710515,3,4,8,79.55747887,1,0
1853,9.572343851,2,1,6,69.29374902,0,1
5702,9.591992599,3,3,5,64.50613661,2,1
461,9.596891673,2,4,16,60.20084978,3,0
4358,9.59824086,2,2,5,62.39462828,4,0
3282,9.608100965,3,1,13,74.5330092,0,1
5395,9.614206892,1,5,14,87.21511996,2,1
2080,9.614288541,1,5,19,71.14748155,1,0
6068,9.615614213,2,5,22,78.90186775,2,1
6220,9.627712364,1,5,22,91.2307965,4,0
148,9.636096499,2,5,19,85.01214675,4,1
300,9.636229946,2,1,5,67.38038904,1,0
47,9.640432284,2,5,3,65.62267338,1,1
4705,9.655905667,2,5,10,75.43515399,5,0
468,9.657622097,2,2,2,65.78711169,0,1
3189,9.661049949,2,3,17,85.83502808,1,1
539,9.664457201,1,4,7,62.80364093,2,1
5626,9.665556427,2,3,12,79.25071475,1,1
3176,9.6701955,3,5,14,82.70931638,1,0
5044,9.678567531,3,1,9,71.34758432,2,1
4608,9.683958567,1,2,1,77.79762065,4,1
7923,9.68436163,2,3,22,68.10448178,0,1
8414,9.688749328,1,4,7,77.60916276,1,0
7972,9.689094247,2,3,22,83.66387819,1,0
3603,9.691116379,3,3,24,84.88935199,0,1
4920,9.701586669,2,5,22,84.34359276,4,0
253,9.70222761,3,5,1,74.39895394,2,0
3910,9.716016971,2,2,17,71.16293056,1,0
212,9.719434932,2,5,12,92.30444596,2,1
3520,9.720835997,1,5,10,82.63892515,1,1
2897,9.729244504,2,3,13,74.47547588,0,0
3788,9.729607805,1,5,23,58.0097585,2,1
6674,9.740290543,2,4,23,78.04321046,2,0
313,9.743777516,1,5,24,83.53666132,2,1
182,9.746375208,3,5,10,76.78005844,2,0
4489,9.750140638,2,5,5,66.8679277,2,1
3608,9.76194661,1,4,16,78.66048425,3,0
7499,9.766378636,1,4,4,62.20680456,2,1
8975,9.775638327,3,3,20,73.75047711,3,1
2745,9.785898957,2,3,24,90.63471008,2,0
4714,9.789085886,3,1,12,72.02181742,2,1
8239,9.790153607,1,5,20,87.09560667,0,1
8392,9.813958127,3,5,17,68.06016583,3,1
7812,9.815852494,3,4,21,57.92239041,0,0
6631,9.825168829,2,5,8,81.37808343,1,1
8845,9.8280259,1,5,21,74.35133377,3,0
3131,9.829668416,1,4,19,64.49172426,2,1
9362,9.832087957,1,3,22,65.65304665,0,1
1423,9.844205717,1,5,3,78.96060875,3,1
9216,9.853730188,2,1,20,58.93120666,1,0
3901,9.863364176,2,2,20,97.74744691,1,0
9105,9.870093232,1,5,7,84.51003606,3,1
6718,9.875040141,1,4,23,87.55210947,3,0
9807,9.892370952,1,5,15,70.56279207,1,1
9812,9.892673304,1,5,6,70.29787419,4,1
2177,9.906793387,1,4,17,80.61171262,3,1
9600,9.913815823,3,1,23,61.6697231,1,1
7859,9.915062361,2,3,6,76.42394554,2,1
3405,9.916086739,3,5,8,55.10807629,4,1
2259,9.930893626,1,4,24,51.78276522,4,1
1889,9.931469741,1,3,16,82.29440008,3,1
2281,9.933706733,1,4,16,64.7515499,2,0
6412,9.960803628,2,5,5,58.32916042,1,0
7431,9.961361306,2,2,4,79.46869262,3,0
7311,9.980400415,2,5,16,72.35741808,0,0
7427,9.983481925,3,2,14,79.00982353,3,0
5373,9.990920931,1,5,23,83.64681316,0,0
2464,9.99119366,2,3,3,65.57049008,2,1
1366,9.991860419,2,4,11,77.90605659,5,1
600,10.01670431,1,4,10,77.29692775,1,1
5013,10.02673871,2,5,3,63.33524811,0,1
2262,10.05005528,1,2,6,76.52844836,1,0
6380,10.06052595,1,5,2,74.73012505,3,1
8123,10.07272777,1,3,1,66.17109007,4,1
9564,10.08182567,1,5,23,77.61497814,2,0
1460,10.08663802,1,3,1,69.73742944,0,0
7401,10.09093797,3,4,13,81.82732294,1,0
7529,10.1024558,2,4,4,83.28085,0,1
1477,10.11006779,1,2,4,61.89540941,2,0
946,10.11133657,2,3,12,87.56517742,0,1
1187,10.13515555,3,5,23,79.6121368,1,1
1406,10.1369607,1,4,11,84.71872133,0,1
3884,10.13861734,1,4,7,81.06200803,2,1
5217,10.14448275,2,4,17,59.24358167,3,0
5620,10.15907783,2,1,9,65.44713232,2,1
6385,10.16589881,3,1,19,77.24653742,3,0
4075,10.16590951,3,3,12,78.99413003,3,0
9040,10.17244697,1,5,2,66.64812067,2,0
6756,10.17728013,2,5,19,85.67839934,0,0
8777,10.18031046,2,2,1,71.8283074,1,1
9916,10.18476549,1,5,4,77.4369676,5,1
7617,10.18977357,1,2,2,80.19482156,2,0
6082,10.19170928,1,5,6,72.40224781,2,1
6959,10.19228383,1,5,20,88.49794225,2,0
9669,10.20154811,2,4,17,70.33123192,0,1
1289,10.20170823,1,4,12,77.35542853,3,1
9234,10.20587775,3,5,21,81.1063116,0,1
2524,10.20591676,1,3,12,68.37631692,1,0
9350,10.21410163,1,3,4,89.58769699,1,1
9883,10.21472361,1,5,22,87.25783779,2,1
8306,10.21901822,2,2,9,58.64157574,2,1
5688,10.21911674,1,3,22,74.55097994,1,1
9585,10.22148254,2,5,4,61.210844,2,1
6403,10.22364166,2,1,11,78.05211668,0,0
2926,10.22629823,3,4,7,77.21996856,0,1
5798,10.24009423,1,4,7,71.56254092,1,1
2970,10.24116242,1,4,10,72.62224309,1,0
2458,10.24359063,2,2,12,77.37220093,1,0
6554,10.24380504,3,2,4,82.40704429,2,1
1794,10.24557597,1,5,3,88.45152369,1,1
4588,10.25496378,3,5,8,82.08548763,6,1
5205,10.26205935,3,4,20,87.75027484,1,1
8268,10.26681885,3,5,19,66.38292241,2,0
8943,10.27016748,1,5,20,72.23655001,1,1
7728,10.27785056,3,5,24,92.22854905,3,1
1581,10.27890571,1,3,13,81.63763929,5,1
5133,10.27919357,1,4,19,67.15995194,2,1
307,10.2795975,1,5,3,68.12834678,3,0
4935,10.2837332,2,3,22,68.66210575,0,1
8711,10.28996707,2,5,18,63.95725101,0,0
4800,10.29363637,1,5,24,52.29704565,0,0
4102,10.30095788,3,5,20,77.9510394,1,0
4273,10.30157909,2,4,24,78.82838119,2,1
413,10.31385812,3,5,2,62.58325485,2,1
4520,10.31602609,1,4,17,58.91052739,5,0
286,10.32010669,3,5,13,83.40974542,2,0
725,10.3254573,2,5,19,61.83811276,3,0
4660,10.32865584,1,2,17,92.54762563,2,0
6786,10.33778489,2,5,21,75.38973889,4,0
1270,10.34273109,3,3,12,71.92270335,4,0
3327,10.3450919,3,2,2,91.63758426,3,1
9887,10.35299037,2,4,5,70.38561326,0,1
9425,10.35470709,3,3,2,66.00256559,4,1
2528,10.35816617,1,5,1,79.87727986,3,0
2185,10.38686346,2,5,11,83.25744655,2,1
6309,10.39939902,2,5,16,81.23245333,1,0
9648,10.40433988,3,4,16,90.09137726,1,1
3324,10.40702036,1,5,24,73.36250409,2,1
7520,10.41219279,2,2,1,58.76681922,4,0
9164,10.41567015,2,2,16,95.32370414,2,1
7563,10.41653953,1,5,23,85.71075242,2,1
2637,10.41660204,2,1,7,64.58956168,2,0
8027,10.41692614,2,5,4,75.07537405,4,1
5118,10.41941168,1,2,20,75.31454731,4,1
8137,10.42051532,1,5,2,72.15585669,2,1
3767,10.43289182,2,4,14,71.05067556,1,0
6967,10.43988732,1,5,17,79.95330474,0,1
8430,10.44673419,3,5,21,78.6608335,4,1
5744,10.46131747,2,2,15,62.17606829,2,1
9864,10.47763817,1,2,19,80.72384598,2,0
3641,10.48354348,2,4,8,98.24499549,2,0
2881,10.48823801,3,4,19,69.27196996,3,1
771,10.48853027,2,5,17,74.32688871,5,1
1464,10.5032163,1,2,21,72.85279882,1,0
8834,10.50894728,1,2,20,86.62224899,2,1
5963,10.51068446,1,3,6,67.27891943,2,0
7477,10.51772533,1,5,24,78.63991594,0,1
3620,10.52770833,2,3,2,92.72180756,4,1
1456,10.54472336,1,5,12,77.04581982,6,0
9275,10.56488066,1,3,11,76.54195631,4,1
4950,10.56683818,1,4,1,80.75144941,3,1
3969,10.56868347,1,4,4,58.58145254,0,0
6159,10.5820913,1,5,2,64.02955558,1,1
8825,10.58505623,1,3,19,67.64533726,3,1
8105,10.59099973,2,2,2,58.97763867,3,0
8348,10.60354417,1,5,17,70.74701102,3,1
4028,10.60651481,1,4,22,87.50655804,4,1
2330,10.60886004,3,5,5,86.63514881,2,0
3537,10.61595937,3,3,2,59.77598386,3,1
8734,10.61838481,1,5,1,95.3171444,1,1
1675,10.62580302,1,4,20,50.08207537,2,1
4873,10.62592455,1,5,10,78.96752188,2,1
7605,10.62816987,3,5,14,68.82229003,1,1
9302,10.62999179,1,5,17,85.57937756,3,1
7853,10.63044875,2,5,21,71.81694875,3,1
6626,10.64190425,2,4,14,71.37144857,3,1
6983,10.65083549,3,1,2,91.06708494,3,1
3912,10.65212315,1,2,1,88.28513181,4,1
8762,10.66031115,2,5,18,80.05400085,0,0
3988,10.66126119,1,2,19,68.44246841,1,1
7650,10.66339621,3,5,21,96.4757098,2,0
9797,10.68045919,1,4,23,74.53928322,0,1
9267,10.68197419,1,2,13,79.4065952,1,1
2391,10.6860276,3,2,20,83.54488103,0,1
3269,10.70053405,1,4,9,81.39850981,1,0
3112,10.70897098,3,2,6,73.66167697,1,0
5124,10.72090871,3,1,12,77.42746987,1,1
7979,10.72354455,3,5,8,87.86048764,2,1
9264,10.73217633,1,5,14,69.74854366,4,0
5130,10.73660713,1,2,7,70.88443471,5,1
7948,10.74828453,1,5,8,63.90442838,4,1
3097,10.75000203,2,5,17,69.8590448,2,1
7021,10.76603103,1,5,16,81.3007006,1,0
7788,10.76732649,2,5,7,80.3462419,0,1
4729,10.77289646,1,4,17,62.599105,1,1
867,10.77755376,3,5,16,74.19365015,2,1
915,10.778219,3,5,24,72.46975258,2,1
9490,10.78120379,1,4,6,78.61730172,3,0
7023,10.78821436,2,1,22,76.15799444,3,1
9186,10.78942788,2,1,8,76.13482052,1,1
7483,10.79324401,1,5,12,75.11686861,3,1
4603,10.7933333,1,2,24,65.12982309,1,1
8013,10.80415951,2,5,16,63.74316769,3,0
7029,10.80472197,2,4,1,80.52797749,2,0
8285,10.8098711,1,2,23,64.95252216,3,1
5317,10.81706262,1,5,13,74.08287723,1,1
3165,10.84559234,1,4,16,71.91942764,3,1
1359,10.8500019,1,3,10,81.13476678,0,1
2309,10.85047955,3,3,14,77.27273436,1,0
3618,10.85080178,2,1,16,84.02807124,4,1
6627,10.85260818,1,5,7,80.31044459,4,1
3937,10.85365141,2,5,15,70.75631674,0,0
5550,10.85371345,2,2,24,63.85233345,1,1
377,10.86702641,3,3,21,83.87630737,2,1
6051,10.86983212,1,4,15,73.69585037,2,1
9333,10.8712886,2,5,15,69.9907227,2,1
3985,10.87968228,1,5,12,68.43442743,4,0
5487,10.89378135,2,3,24,52.1552867,5,1
5469,10.89544052,1,4,22,72.68270788,3,1
7819,10.9318566,1,5,18,57.1929593,1,0
3965,10.93232414,1,3,12,91.86008402,3,0
5137,10.93635629,3,5,9,74.97369771,1,1
6649,10.93896289,1,2,2,87.195287,5,1
1408,10.94210549,2,1,19,88.73138293,6,1
7487,10.94243431,3,1,19,82.31049464,0,0
9163,10.94543726,3,5,2,80.60965251,1,1
9215,10.95580558,1,3,2,71.48729499,3,1
4820,10.9659816,1,5,12,66.06211536,2,0
5319,10.96673668,2,5,9,70.99526479,4,1
7450,10.96859895,1,3,2,69.844229,1,0
4710,10.97365632,2,4,18,44.56568532,2,0
7708,10.98267297,1,5,21,80.86415147,1,1
6116,10.99807916,1,2,9,88.25191632,4,0
4881,11.00229525,1,4,14,66.9607491,2,0
107,11.0142867,1,2,6,77.28936837,1,0
8726,11.0159274,2,2,21,42.97021654,2,1
8516,11.01700911,2,3,17,72.39475879,1,0
801,11.01935386,1,5,4,64.81163028,2,0
796,11.01948312,1,5,17,74.88960706,0,1
3860,11.02307693,2,3,16,65.68085079,0,0
9765,11.02408174,1,5,6,55.60678791,3,0
3118,11.03678922,2,3,12,53.9507099,1,0
2003,11.05156658,2,2,13,83.08005574,3,1
9848,11.05471106,2,5,11,74.91818574,3,0
2072,11.06210218,1,5,18,76.89166688,0,1
8197,11.06681716,1,5,20,85.64594221,1,1
5862,11.06948769,1,5,24,80.98673694,5,1
1431,11.07415695,1,4,19,72.95047047,2,0
2863,11.08348361,3,1,16,74.24416364,3,1
9227,11.08758213,1,5,3,90.34440059,0,0
9177,11.09356868,1,3,16,69.05700019,2,0
8583,11.09496994,3,3,17,72.75303589,4,0
7513,11.10047932,3,1,16,66.74934156,4,1
5148,11.10422818,3,4,12,71.87305416,1,1
9840,11.10850397,2,5,9,72.71843005,0,1
8080,11.11332284,2,2,22,68.60090636,2,1
2811,11.11901955,2,5,11,84.05416188,1,1
270,11.1231656,3,5,21,80.81764973,5,1
989,11.12952377,2,5,11,75.81090593,4,0
5087,11.1333136,3,4,2,76.6944612,1,0
1950,11.13872714,1,4,16,83.51494673,4,0
7038,11.1429977,3,2,11,83.72705978,4,1
9236,11.14515526,3,4,7,67.59663569,3,0
3853,11.16195173,1,5,4,61.34602249,3,1
2470,11.16867092,1,4,1,89.88729327,0,0
2521,11.17379982,1,5,7,62.02298487,1,1
3702,11.18544721,1,4,8,83.59565261,1,1
3918,11.18815331,2,2,14,78.2920133,3,1
8517,11.19698587,1,5,16,73.88534917,0,1
4604,11.21159574,1,5,9,60.4460065,1,1
3159,11.22732884,1,2,2,63.49553844,3,0
8380,11.23945045,2,4,13,83.03069252,3,1
5530,11.24148053,1,4,9,92.42964268,1,1
7166,11.24230001,2,1,2,66.30574401,1,1
8243,11.24854546,3,1,13,65.06669947,2,0
527,11.2562402,1,4,9,60.65254089,3,1
7474,11.25691001,2,2,5,61.58269838,3,0
2624,11.26724321,1,2,12,85.23549115,0,1
7436,11.26867746,1,5,20,76.27179001,2,0
2747,11.27390197,1,5,22,91.26580972,2,0
2895,11.27929543,1,2,19,79.11911444,1,0
2141,11.28005139,2,5,22,79.62477984,1,1
1097,11.29354075,3,3,14,84.68922755,3,0
8847,11.29788563,1,5,1,56.55186364,2,0
1973,11.30739328,1,5,23,86.78082996,2,0
762,11.31315525,1,5,5,85.71834266,4,1
7746,11.33311767,1,5,10,74.34633133,1,0
2180,11.33914308,1,3,22,72.16119509,0,1
4484,11.3396139,1,5,9,64.59010733,1,0
5367,11.36410668,2,3,10,72.2537216,3,0
8254,11.37322123,1,5,10,61.76513186,2,0
4860,11.37752537,3,3,17,87.46390256,2,1
5558,11.3891233,3,5,22,67.35362641,3,0
2459,11.39925501,1,4,24,81.51958362,0,0
5198,11.39992964,3,4,6,75.06762709,3,0
9567,11.40512201,1,5,18,75.96754387,1,0
1100,11.40591519,1,5,17,73.61059435,1,0
9147,11.40666474,2,2,12,70.10673418,1,1
4980,11.41933414,2,1,8,79.17472944,1,1
6693,11.41947166,1,4,13,54.34430103,2,0
5849,11.42855494,1,3,2,91.52964165,4,1
3332,11.42916293,1,3,12,61.1129306,1,0
2156,11.43614888,1,5,24,64.35420795,5,1
9386,11.43621227,1,5,12,65.87961309,2,0
8596,11.45126469,3,4,15,67.96852945,3,0
9785,11.46628206,1,5,6,66.16568899,3,0
6425,11.4712165,2,3,6,72.23223384,2,1
6871,11.47575507,1,4,14,81.31815026,1,0
8301,11.48011438,2,5,12,72.6161589,0,1
3951,11.49256086,1,5,7,89.28040835,0,1
5936,11.49392644,2,1,4,66.93519512,1,1
2523,11.49538887,1,5,13,78.46608417,6,1
9805,11.5114444,1,5,14,64.76769321,3,1
6462,11.51810241,2,4,17,69.15446314,0,0
3780,11.52852048,3,5,9,72.71883512,3,1
7113,11.53486121,3,1,8,94.79378458,2,1
8775,11.54858603,2,4,3,83.46624162,3,1
4153,11.55031027,3,3,18,81.56154042,0,0
2693,11.56535355,1,4,17,83.94654686,1,0
8724,11.56546637,1,5,10,81.75709138,4,0
56,11.57061462,2,4,17,68.86592988,5,1
6572,11.57853459,1,5,4,63.83190508,1,0
969,11.58172257,3,4,23,62.1559396,1,1
7808,11.58277777,1,5,21,72.03745855,1,0
8503,11.58421391,2,4,1,67.14951133,1,1
6783,11.58960854,2,2,1,69.37155373,1,0
9705,11.59342359,2,5,14,67.57228135,1,1
3831,11.60529727,2,3,20,82.51809273,4,1
788,11.60943974,1,3,22,80.66917767,4,0
4846,11.638141,2,5,4,100.1443419,3,1
1200,11.64513301,2,5,12,74.71511844,4,1
7662,11.66712867,1,4,21,70.94386423,5,0
1221,11.68440075,3,3,18,75.96275212,2,1
6192,11.68793494,1,5,19,63.1654123,2,1
7694,11.6956623,1,5,16,62.61265091,3,0
6367,11.69650378,2,2,24,81.96213228,1,1
9549,11.69815399,3,1,20,71.08862991,4,0
9435,11.70450468,1,5,19,75.73865166,3,0
2025,11.71902095,1,2,17,95.31792412,0,1
634,11.72605765,1,5,12,77.12372652,1,0
3015,11.72783508,1,2,15,90.62619731,2,1
4760,11.72954945,2,2,14,78.45401298,3,1
7862,11.7311689,1,4,21,78.61381233,1,1
203,11.73272377,1,5,2,61.59652746,1,1
6717,11.76306201,1,5,9,64.235159,0,0
1878,11.76729612,2,3,5,82.94895421,3,0
3010,11.76823562,2,5,9,68.50159213,5,0
3551,11.7804377,3,4,12,88.85669547,5,1
656,11.78213299,1,4,5,98.92061125,2,0
2020,11.78341602,3,3,18,75.0179365,1,1
595,11.78729113,1,2,21,79.53607085,0,1
2999,11.79058991,3,2,15,68.48471071,1,0
3245,11.79401013,1,5,11,65.23839513,4,1
4818,11.79440057,1,5,18,74.6807166,1,0
7822,11.79662306,1,3,18,60.60741405,2,1
8192,11.79884578,1,3,3,68.08614878,1,0
7795,11.80136568,3,3,18,73.15891288,2,0
4171,11.81971793,1,4,4,73.98017209,2,1
647,11.83689326,3,4,7,74.26634232,3,0
1099,11.83714481,3,5,20,90.09056544,0,0
5417,11.84337192,3,1,5,73.6380221,2,1
4142,11.8466541,3,2,18,62.43019695,1,1
9200,11.8516082,1,5,19,67.69951518,2,1
9523,11.86104225,3,3,17,63.90980353,3,1
3219,11.87408566,3,3,16,70.85237039,4,0
1264,11.87540461,1,3,11,77.4523228,2,0
9162,11.88290321,3,2,16,74.49581969,5,0
5772,11.92114905,2,5,11,74.3892526,1,0
1815,11.92181362,2,5,2,70.0438129,1,1
5173,11.93967304,3,2,20,75.14859001,5,1
9075,11.94535181,2,5,18,73.53999913,2,1
7005,11.94939592,3,3,8,82.50171155,1,1
7351,11.9507299,2,4,6,79.11625897,3,1
7302,11.9557807,1,2,8,87.41750041,1,1
6785,11.96098737,1,5,5,81.54832591,4,1
593,11.96700578,2,2,21,84.72457921,2,0
2138,11.98052234,3,3,22,85.66881759,2,1
2276,11.99687883,1,5,9,80.43884376,2,1
8816,12.0104232,2,1,8,75.31270903,1,0
7713,12.01067161,1,4,5,62.17738603,3,1
229,12.01683493,1,5,6,70.61328345,4,0
7092,12.0340284,3,3,20,83.50747672,3,0
2135,12.03448861,3,4,14,64.53878424,1,1
8173,12.035069,1,5,23,64.13246533,2,1
9859,12.03856457,1,5,1,69.41671695,2,1
6422,12.04275242,2,5,9,72.47725242,4,1
5096,12.0460551,1,2,17,78.79682947,2,0
1707,12.04760594,2,4,8,74.92756503,1,0
7174,12.04861979,1,3,4,78.15718973,5,1
1361,12.05018716,1,2,14,83.42899556,4,0
2146,12.06396624,1,5,4,65.04051316,2,0
6296,12.06417306,2,3,11,85.57899265,6,1
4079,12.06448589,1,3,20,61.48952763,0,0
5079,12.06574783,2,5,14,68.13978369,2,0
2573,12.07713637,2,5,9,93.17591888,4,1
6586,12.07782614,1,5,10,70.27314555,1,0
7105,12.08358809,1,2,24,71.71660757,2,1
2601,12.0905408,2,5,14,62.67667653,0,1
7879,12.09861014,1,4,5,61.52906571,3,0
6167,12.10170805,3,4,2,73.41178402,4,0
4173,12.10993257,2,5,11,55.48170549,3,1
2707,12.11846971,1,5,18,79.73183179,0,1
3943,12.1233737,2,4,16,88.14581612,3,0
4338,12.13715067,2,4,17,59.49341094,1,1
1126,12.14332952,1,2,22,69.30821065,2,1
3120,12.14367938,2,2,12,79.6406961,5,0
1242,12.14886992,2,5,20,78.1903226,1,1
85,12.14918168,1,2,12,72.37154823,2,1
757,12.15104526,1,4,15,73.34255452,0,0
6545,12.15194984,1,5,7,92.67733424,4,0
4139,12.15510212,1,4,3,75.51839266,1,0
6938,12.15924082,3,4,8,69.34146788,0,1
6211,12.16518753,3,5,11,67.48153358,2,1
7744,12.17121191,1,4,19,87.72692371,0,0
1569,12.18163561,2,5,3,79.37331268,2,0
1761,12.18415385,2,2,24,69.42559205,0,0
7602,12.1861207,1,4,9,87.5729704,1,1
5372,12.19124756,1,5,7,75.37112642,5,1
232,12.19616936,2,5,6,82.12085447,1,0
3260,12.20274135,1,4,15,76.44363957,1,1
5740,12.20908381,1,5,14,69.94622534,5,1
8783,12.20942749,1,5,24,67.65999688,1,0
5629,12.22361965,1,4,24,56.75872317,5,0
9698,12.22511196,1,4,13,72.82572338,3,0
1923,12.23107378,1,5,19,76.67816892,1,1
701,12.2357761,1,5,16,81.52061385,2,0
1730,12.23924606,1,2,17,62.34106922,7,0
2862,12.24357117,3,4,21,80.10585053,2,1
1357,12.24959081,1,5,16,61.20961114,1,1
5728,12.25087792,3,2,6,70.81508468,0,1
3573,12.25098622,3,5,14,80.64904099,2,1
3485,12.25285542,2,3,22,93.32803837,3,0
6490,12.27176861,1,5,3,68.93372969,1,0
4826,12.29276694,1,5,7,75.11399758,3,1
1434,12.29688984,3,2,14,66.15095821,1,0
4542,12.30788864,2,5,4,75.35778542,1,0
9058,12.31571958,2,4,19,68.78671048,4,1
594,12.31664859,2,5,12,64.85345615,1,0
7197,12.31702605,2,4,20,78.17416926,1,1
7854,12.32650526,3,5,17,79.91879764,0,1
9030,12.32947657,2,5,22,69.42708781,2,1
9853,12.33244186,3,4,8,56.74550327,0,0
3623,12.33772255,1,4,13,72.35085079,0,1
5098,12.35226033,3,2,24,76.39491413,4,1
9895,12.36318477,2,4,13,80.73740612,2,1
3515,12.36939036,1,3,12,52.3977063,0,1
9191,12.3823715,1,5,15,56.97988109,2,1
7078,12.38391058,2,4,4,90.85233492,1,1
1478,12.38571884,2,5,2,88.11480278,0,1
9394,12.40150676,1,5,20,73.86810788,3,1
2967,12.40601085,3,5,12,77.25249245,3,1
2261,12.40657856,1,3,19,84.85387326,0,1
8874,12.41350734,2,1,20,74.98144816,1,0
3310,12.41543618,3,4,16,70.96039393,1,1
9546,12.4219312,1,4,3,79.62567847,5,0
2193,12.42407204,2,3,16,79.77526709,4,0
3559,12.42636742,3,1,8,88.65275714,1,0
8388,12.44250835,2,3,13,81.298837,3,1
4477,12.4452071,1,5,17,65.8614205,2,1
462,12.45832569,2,4,20,71.97085215,0,0
6459,12.45924959,2,5,15,75.71966845,0,1
5069,12.46482519,1,2,22,73.78926919,1,0
9270,12.46608182,2,4,5,77.83454518,1,1
9382,12.47101808,2,5,18,85.48223611,0,0
2255,12.47702362,2,3,11,72.47754995,1,1
8525,12.47978753,1,5,22,77.99137833,3,1
3921,12.48037838,2,5,21,89.07963557,2,0
9568,12.49277574,3,3,15,78.27869518,1,0
4060,12.49351985,2,1,12,83.36698713,2,0
6972,12.51115754,2,5,2,63.30009932,3,1
8502,12.51514268,2,3,16,74.14086135,4,1
3728,12.51587221,3,3,13,74.08227958,5,0
6942,12.52251102,3,5,16,76.91556763,1,1
6968,12.52279844,1,4,3,79.89896913,2,0
2423,12.53284651,3,5,24,80.49330945,0,1
8069,12.54451743,1,5,17,71.82161054,5,1
88,12.5474999,1,5,11,55.5921848,5,0
1246,12.55560633,2,1,22,79.28757822,3,1
4209,12.58236263,2,2,11,78.606756,1,0
1866,12.58601529,1,5,3,76.19173641,2,1
885,12.58755456,2,4,11,93.91436583,2,1
5614,12.59248074,1,5,13,77.37601846,0,0
1528,12.6014914,2,5,13,90.76632745,1,1
2117,12.61245906,1,4,17,65.3261301,4,0
3213,12.63258212,1,3,12,94.51538338,3,0
9565,12.63854179,2,3,18,78.40033554,1,0
6208,12.65130726,1,4,20,72.7571533,2,1
1183,12.65580684,3,5,1,68.10524049,2,1
9431,12.65826167,2,5,24,71.51496232,2,1
9013,12.6654799,2,5,13,86.72969666,4,1
2856,12.67564047,1,5,13,62.57377488,1,0
2083,12.67854667,2,5,3,74.24253313,4,1
6182,12.67976836,1,5,10,84.645445,1,0
7594,12.6832882,3,3,15,78.12006326,1,1
7909,12.6836672,2,5,14,76.55132716,3,1
7634,12.68732888,1,4,13,70.59972118,1,1
4450,12.69234321,3,5,10,64.81021894,3,1
1169,12.69748943,3,2,22,79.11725229,1,1
4367,12.71176767,1,3,7,65.22535472,0,1
9591,12.71225179,1,5,21,60.60079375,0,0
399,12.71250702,1,3,13,82.82183125,4,1
4684,12.71309029,2,5,2,68.90085694,2,0
619,12.71361932,3,4,13,72.14098348,1,0
2390,12.72859996,2,5,4,82.29118854,3,0
4021,12.73145579,2,5,15,86.48074299,0,1
7865,12.73210299,3,5,8,46.82742117,0,0
550,12.73905743,2,1,15,74.08886213,2,0
9973,12.75297901,3,2,4,67.32194603,3,1
3637,12.75848095,1,5,19,72.74267777,2,0
3606,12.75871268,1,5,21,92.20003553,1,0
7588,12.76297678,1,5,20,81.17676251,2,1
2583,12.77513894,3,4,9,81.52621751,1,0
552,12.77618987,2,5,9,70.92926276,0,1
3167,12.77629745,3,2,15,75.60613829,5,1
8896,12.77920183,2,4,22,81.26692549,2,0
5893,12.77948093,2,5,14,69.31229964,1,1
7162,12.78488191,2,5,10,61.03913571,2,1
8469,12.7962134,3,4,23,67.18010344,4,1
3225,12.80226258,3,5,3,72.29794395,0,1
557,12.80398164,1,2,11,80.54095579,3,1
7699,12.81025254,1,4,8,88.7815664,2,1
3900,12.81484991,1,5,9,64.20303446,1,1
5542,12.81510164,3,3,15,56.41160445,0,1
1737,12.82010709,3,2,24,60.43704272,3,1
6237,12.82124546,1,5,6,74.22869427,3,1
3459,12.83574059,1,5,13,67.19625236,1,1
602,12.8369528,3,2,4,70.80223781,1,1
4330,12.83769154,1,4,5,68.50252257,4,1
4858,12.84769088,1,4,10,57.61871249,4,1
5958,12.8535786,1,3,12,95.53067162,1,0
3725,12.85483463,2,4,8,61.87298069,3,1
2308,12.86285736,3,3,6,69.15308793,4,0
9929,12.86528713,1,2,22,66.85817129,2,1
4535,12.87622126,3,5,10,56.19129819,3,0
7935,12.8798174,2,2,22,71.59308155,1,1
4695,12.89841288,3,4,17,80.4469146,3,1
8864,12.90094829,2,5,6,80.16161129,0,0
4690,12.91235025,2,1,24,66.25492906,3,1
9343,12.91440943,2,2,22,54.05135912,0,1
9308,12.91578683,2,5,7,78.02496883,2,0
8549,12.93988788,1,5,14,101.385671,0,1
2668,12.9417216,3,2,9,73.29076827,7,1
8682,12.95280394,1,5,10,64.05895723,2,0
6291,12.95333799,1,4,24,64.29620532,5,0
7493,12.95434768,1,3,2,73.58623167,0,0
8836,12.95816497,2,2,23,85.05528106,5,0
9465,12.95982373,1,2,17,71.12593767,0,0
5048,12.97198113,2,4,2,84.03701919,0,1
4032,12.97668666,2,5,3,66.98900638,1,1
8710,12.98470481,3,2,1,76.68251254,3,0
6708,12.98921238,1,5,24,86.44257525,2,1
9822,12.99615786,1,5,14,89.32247536,1,0
2139,13.00179709,2,5,11,74.84524646,2,1
210,13.01004044,2,5,13,84.37462647,0,1
1088,13.01238231,2,5,4,60.9608276,4,1
4901,13.02995158,2,5,8,78.24844165,2,1
2531,13.03017622,2,2,20,81.45645184,3,0
4039,13.03087036,1,4,4,73.03483306,0,0
9458,13.03776118,3,5,18,88.31606594,3,1
9201,13.0502738,3,5,18,91.22383872,4,1
2813,13.06345695,1,4,7,57.34357224,0,1
9315,13.07634073,2,5,9,67.2267772,1,1
2536,13.0826723,2,2,5,68.44849305,4,1
7940,13.08809534,1,5,14,75.34015166,5,1
5591,13.09196516,1,3,18,64.16872983,1,1
4253,13.10046628,3,1,11,83.7908617,5,0
5128,13.10564499,2,3,12,95.74345971,4,1
297,13.14137281,2,5,21,76.97775895,0,1
874,13.14613913,3,4,18,70.5528195,2,0
6366,13.15657734,2,1,12,84.41217878,4,1
8632,13.16868456,1,5,10,73.35577438,1,0
4562,13.16875361,3,5,14,56.33542362,1,1
8761,13.17357864,1,5,9,91.30765197,2,1
3744,13.17671951,1,4,15,69.28182536,3,0
8275,13.18077916,2,4,21,93.46820822,2,1
3123,13.1889522,1,5,20,70.86100832,3,1
8471,13.19057246,1,4,17,85.07234323,1,0
8755,13.20081402,1,2,5,76.16489979,5,1
9003,13.20660016,2,3,15,74.31119133,1,0
2068,13.20794716,1,5,8,93.62434006,3,1
439,13.21478306,1,2,4,57.01264052,3,1
4835,13.21967632,1,5,24,81.95438509,3,1
4677,13.21975172,1,5,8,67.18228717,3,0
7883,13.22653141,3,5,7,78.09831677,1,1
1181,13.22937852,1,5,14,73.13864963,7,1
1030,13.23605671,3,4,10,63.01333349,0,1
7664,13.23923718,1,5,16,69.64032949,1,1
4113,13.24846881,1,5,24,62.57888744,1,0
5967,13.25228662,1,2,21,59.22636364,3,1
8666,13.25825363,2,5,19,62.62770678,2,0
5354,13.26070503,2,5,14,85.47511343,3,1
6728,13.27115435,2,5,12,95.75000374,0,0
4225,13.28505296,1,5,14,80.70285099,0,1
5496,13.28622567,1,2,24,82.43092745,1,0
7257,13.29186958,1,5,11,69.68251558,2,1
1340,13.29974502,1,5,2,74.80616286,3,1
6749,13.31030516,1,3,11,67.53329698,1,0
3700,13.32265841,3,1,4,73.9693858,3,1
9474,13.36805157,3,1,1,65.49913415,0,1
3607,13.38679915,2,3,1,89.31199276,1,1
5858,13.397767,2,5,14,62.07122476,2,1
8312,13.40064801,1,2,22,69.51610825,4,1
2014,13.41401316,2,2,18,74.97806871,1,0
5868,13.41635294,1,5,16,58.71836196,1,0
1766,13.42462178,1,4,20,95.5645041,0,1
3338,13.42757836,1,5,20,68.14354076,0,1
6448,13.43110803,2,3,23,67.38983698,2,1
3794,13.4314382,1,5,4,74.51550817,2,1
7705,13.43443139,3,5,1,71.64999729,1,1
5047,13.43536989,1,4,18,59.84006393,2,0
6085,13.45285807,2,3,1,52.90498933,3,0
4869,13.45347208,2,4,18,77.94863801,2,0
8821,13.45635834,2,1,7,71.12850015,3,1
1013,13.45835042,1,4,10,88.42537338,1,0
1068,13.47014846,2,1,14,55.60403627,2,0
1688,13.47834973,3,1,9,77.00808245,5,0
7138,13.48885319,2,2,17,69.90142841,2,0
4437,13.4922778,1,4,5,81.14729535,4,0
2992,13.49711733,3,5,19,74.39229778,3,1
2783,13.50027655,3,2,6,66.41350589,3,1
4183,13.51129268,1,3,23,81.17935136,3,0
6172,13.52963407,2,4,23,80.19972718,0,0
8952,13.53671524,2,2,8,72.0299886,1,1
8888,13.53973533,1,5,10,76.20751484,2,1
7099,13.54278776,3,4,12,69.21412228,1,1
4823,13.54480615,2,5,18,54.98383288,4,1
2381,13.54951173,1,3,15,65.92646777,4,0
1364,13.55445003,1,5,10,97.97559707,3,0
6548,13.56300274,2,3,1,73.44928051,1,1
8798,13.58035411,2,3,2,72.01991723,2,1
9942,13.58747692,1,4,11,79.30769408,0,0
640,13.59947488,2,4,12,48.53334582,2,1
2805,13.61842059,1,2,3,73.06569396,3,0
2290,13.62448563,2,1,20,67.45586914,1,1
452,13.6318804,2,4,3,55.77947051,5,1
2081,13.6507782,1,4,5,86.88605452,2,1
7085,13.65406618,1,5,4,45.38089919,2,1
8331,13.66149441,1,4,10,70.91047047,2,0
3044,13.66905193,2,5,15,72.4528848,3,1
6069,13.67548912,1,5,1,85.08405903,0,1
2184,13.6787511,1,5,21,72.33505428,3,1
4958,13.68004484,2,2,20,69.26742202,3,1
5803,13.68133808,1,5,16,66.97794696,1,0
588,13.68393611,1,2,23,75.30786341,2,0
8170,13.68561371,2,1,19,73.67333827,3,1
6961,13.68831991,1,5,13,71.45774834,2,1
2282,13.68958003,2,4,21,63.44312923,4,1
5654,13.6917051,1,5,12,56.02920018,2,0
1663,13.70742503,3,2,15,91.54094732,2,0
1862,13.70902986,1,3,20,81.35957297,2,0
709,13.7117131,1,5,16,62.15701798,2,0
8208,13.7194143,1,2,19,70.81561566,0,1
3828,13.72090895,3,5,23,77.95786971,0,1
2166,13.73420902,2,3,16,62.20141996,2,1
4922,13.74387531,1,2,16,82.47409139,2,0
1310,13.77252089,2,4,24,96.62706732,3,1
4211,13.77774701,1,2,22,72.90565323,5,0
7016,13.78494518,3,5,4,84.54329525,2,1
3424,13.78611469,1,3,15,85.68571006,2,1
217,13.78689253,2,2,18,78.62713555,1,0
9823,13.78939321,3,5,10,60.40095885,1,0
6377,13.79541141,1,5,20,68.15487731,3,0
7860,13.80143778,1,2,24,88.44580865,0,0
6628,13.81212223,1,4,15,99.86781207,2,1
2574,13.83206098,1,5,8,73.06446441,6,1
5230,13.8437688,3,5,14,79.03515909,1,1
8743,13.85216104,1,3,4,72.44972096,4,0
3421,13.85510306,1,5,1,66.75916358,0,0
6101,13.85748552,1,5,10,77.26938167,1,1
8932,13.86255415,3,5,10,79.21897485,3,0
4575,13.86418092,2,4,13,83.58987607,3,0
8418,13.87173355,1,5,18,64.8750035,3,0
2134,13.87320478,1,5,1,64.96006792,5,0
4460,13.88299348,1,5,6,72.69728906,1,1
3153,13.88998498,2,3,4,55.41217063,5,0
1543,13.89837561,2,5,4,72.10658874,1,0
1417,13.90468633,1,5,21,63.34543695,2,1
7015,13.90883749,1,5,16,73.8885173,2,1
604,13.91763898,1,4,17,70.26437736,1,0
2342,13.9185415,3,5,7,84.01800446,4,1
9203,13.92551904,1,5,23,82.58550671,0,0
3931,13.92776635,1,5,14,76.57704356,1,1
8839,13.94133588,1,5,6,73.72919989,3,1
6329,13.95337134,1,5,1,88.88259081,3,0
7549,13.96932444,1,5,10,56.27697532,4,1
5311,13.96961027,1,4,6,82.64245036,0,1
383,13.97025943,2,5,8,74.98077722,3,1
3857,13.9817359,2,5,17,81.21173691,3,1
8973,13.98191799,2,4,16,79.23421626,2,1
7467,13.99690066,1,2,15,76.21166318,0,0
1212,13.99888205,1,3,21,69.73608033,2,1
6651,14.00630394,3,3,2,78.49434448,3,0
6469,14.00904341,1,2,13,71.43684642,1,1
3540,14.03206633,3,3,5,90.62530903,3,1
6936,14.03619988,2,3,1,76.6114372,2,0
4357,14.03705777,3,3,6,57.91075198,1,1
9640,14.04149835,3,5,9,76.6467068,3,0
122,14.04334716,2,5,20,72.7696962,3,1
3942,14.05586468,1,5,15,67.57001352,4,1
9324,14.0749769,1,5,18,71.67876719,4,0
7964,14.08808082,2,3,12,64.13089664,1,0
3516,14.09507965,1,5,10,57.52352721,1,1
2275,14.10165372,3,5,21,68.43228246,0,0
6363,14.10401403,1,4,6,88.38595702,2,0
9945,14.1044039,1,4,13,67.89511784,0,1
1795,14.11173971,1,5,6,74.1389302,1,1
8157,14.12507408,1,2,14,72.47922508,5,0
3050,14.12746245,2,3,15,66.18132595,0,1
5262,14.12884998,2,3,10,83.57478673,5,0
1451,14.13401951,1,5,22,74.65999434,2,1
2605,14.16955983,1,3,19,80.10305578,6,1
3284,14.18016673,1,5,5,92.39002418,1,0
8346,14.18114842,3,3,5,79.41631414,3,1
5568,14.18260256,3,1,8,60.29004213,5,0
7996,14.18665571,1,4,21,68.59633818,1,1
7777,14.19865172,2,5,13,86.48739226,3,0
3351,14.20332995,1,2,6,55.98526833,3,1
1536,14.2125377,1,2,22,78.57189625,0,1
6294,14.21776654,1,5,19,64.50685922,2,1
6131,14.21823008,1,3,1,82.87692751,4,0
2689,14.23094475,2,3,24,70.25523223,2,1
2118,14.23742404,2,3,5,76.77756207,2,0
7515,14.23859602,1,4,8,60.15007435,2,1
2475,14.2487417,2,3,18,87.61609354,2,0
4169,14.25354408,1,5,23,92.4341963,1,0
6063,14.25402294,1,5,19,72.70887785,2,1
7502,14.26646976,1,5,19,61.21812897,3,1
7963,14.26869039,2,3,2,55.50600951,1,1
6698,14.27713342,2,3,23,81.31224309,3,1
2607,14.2846998,2,5,16,88.93413173,2,1
401,14.28717615,3,2,2,82.76203917,3,1
7927,14.29253777,2,5,4,76.12815771,6,1
1393,14.30502764,3,4,19,81.04272065,1,1
6643,14.30900667,1,3,12,100.4414249,1,1
1630,14.31087716,3,5,16,87.31447856,2,0
4788,14.31411878,3,4,9,73.51239748,3,0
4836,14.31791701,3,5,14,83.86359901,3,1
7636,14.32776378,1,5,12,82.76466325,1,1
6338,14.33816735,1,5,4,99.2521285,0,0
6682,14.34185775,1,4,19,58.72049589,0,1
1705,14.34394054,2,4,20,79.66866603,2,1
7018,14.35176546,1,4,19,61.47350522,0,1
95,14.35653917,3,2,24,83.08549489,0,0
8326,14.35843743,1,5,15,74.21454152,1,1
4204,14.35971698,3,4,19,83.56575796,1,1
9476,14.36064551,1,3,1,68.76387372,2,1
880,14.36900998,2,5,16,68.63304367,3,1
6359,14.369587,2,1,24,72.53249827,4,1
6899,14.40976168,1,2,9,88.48868119,1,1
1754,14.41014094,1,5,17,71.89542315,0,0
6137,14.4305812,1,4,13,79.18026252,2,1
3735,14.45846866,1,2,13,79.3890779,2,1
141,14.46198136,1,5,8,69.74794406,3,1
8362,14.4665209,2,5,16,96.91104926,3,1
3064,14.46728338,1,5,1,76.53268797,2,0
7327,14.47282113,1,4,18,78.31381604,2,1
7690,14.4772728,1,5,21,71.70497675,2,0
5790,14.48558155,2,2,18,81.38903341,1,0
7560,14.49606849,1,5,7,81.76325955,1,0
8590,14.49946954,2,3,18,80.66660282,0,0
4270,14.51999656,1,3,8,69.72972186,6,0
7519,14.52616361,1,3,24,56.71909009,2,0
8868,14.53246674,1,5,8,56.44095863,1,0
3262,14.54446273,1,4,22,59.36951688,2,1
1518,14.54659616,1,4,19,84.51925897,1,1
1944,14.54937983,2,1,2,60.09831678,1,1
7711,14.55263979,1,5,16,61.00679507,3,0
5666,14.57133944,1,5,13,90.2332079,1,1
1081,14.57363571,1,5,17,65.21531621,2,1
299,14.57633042,2,3,8,88.60543864,3,0
4907,14.57883187,1,5,5,74.04048877,2,0
8790,14.58081797,2,5,14,69.85933522,0,0
144,14.58287837,1,5,8,77.32406977,2,0
259,14.58440743,2,5,7,63.94336219,2,1
2635,14.5849451,2,5,24,80.32124448,4,0
7917,14.59178472,1,4,22,66.03028532,2,0
3565,14.59446743,1,5,8,66.1715807,3,1
3182,14.60620845,1,2,20,77.94240643,1,1
5078,14.61846307,3,3,15,77.32740966,1,0
5240,14.62352441,2,4,12,52.3699469,0,1
4607,14.67801811,3,2,10,85.22186062,1,0
1760,14.67873413,1,5,5,75.90812695,1,1
2095,14.68618406,3,1,24,78.81208442,3,1
4871,14.69555718,1,5,24,89.68086074,3,1
4170,14.72049346,1,5,8,56.1440218,2,1
2839,14.72408938,1,5,6,61.31808895,2,1
5563,14.72941905,3,4,16,73.19276136,3,1
8220,14.73209436,1,2,4,78.52435844,4,0
5452,14.75343023,2,2,13,75.26216489,2,1
287,14.75720916,1,3,5,76.34386717,1,1
3972,14.77166449,1,4,8,78.36294269,5,1
2577,14.77757795,1,4,17,73.80562854,3,1
2725,14.79334322,1,5,11,76.28397921,0,1
3955,14.80074489,2,4,9,67.82026887,4,1
7334,14.80177991,1,5,8,57.10193002,1,1
3662,14.81397562,2,3,22,76.00223475,2,1
1216,14.81448377,1,5,23,85.68657261,1,1
675,14.82062371,3,4,15,69.96535485,0,1
6525,14.82391891,2,1,24,71.08189474,2,1
7977,14.82796355,3,5,21,81.17179399,4,0
9831,14.83200372,3,2,17,83.4399334,2,1
7068,14.84076548,2,4,2,77.01186078,4,1
6496,14.84310466,1,4,20,64.95695878,0,0
943,14.84513639,3,3,9,85.13759366,2,1
3484,14.85243654,1,5,2,74.34960173,1,1
3836,14.85874896,2,5,3,87.00473105,3,0
7006,14.86990529,2,5,17,74.42957093,1,1
856,14.87992097,1,5,7,56.55342886,2,1
370,14.89032302,1,2,10,55.08042624,1,0
7160,14.89107613,1,3,17,74.17397501,1,1
6702,14.89620486,1,5,6,76.05475982,1,1
3154,14.93007925,3,5,16,71.63408382,1,1
25,14.93105363,3,3,1,44.7279968,1,1
3450,14.93454268,1,4,14,83.39876438,4,1
1814,14.9384977,1,3,5,73.53609353,1,0
8801,14.9400386,1,2,7,89.66346721,3,1
7582,14.94051059,2,3,21,85.68980208,3,1
7049,14.9481716,1,5,18,60.23432928,2,1
6270,14.94830847,1,4,6,73.45109385,1,1
2679,14.94952527,2,3,4,76.33300231,2,1
523,14.96390031,1,5,4,69.38690315,2,0
7132,14.97124891,3,4,7,74.99457918,0,0
3498,14.97565209,2,4,10,75.40870104,1,1
687,14.98355723,1,5,3,101.0230204,2,1
9954,14.98672144,1,5,14,75.34985153,4,1
728,15.01284211,3,4,3,83.16089158,2,1
558,15.02896218,1,4,7,89.80720856,3,1
1338,15.03258342,3,5,8,77.12583488,1,0
1131,15.03757666,1,5,11,66.83925954,4,0
3548,15.03999388,3,1,5,89.02040511,1,1
3669,15.04288797,1,5,15,85.45529995,1,0
4313,15.04418391,3,5,22,68.95500208,1,1
2592,15.05256223,2,3,3,73.91446332,1,0
4064,15.05324303,2,1,8,71.85668027,1,1
489,15.06391524,1,5,2,76.27989775,4,1
2105,15.07909014,2,4,20,79.52277457,4,1
4952,15.09717542,1,5,5,63.90473053,3,1
9158,15.09970414,3,5,3,76.0698988,3,1
8840,15.10039268,1,4,15,94.01978588,1,1
1669,15.1038508,2,1,21,88.2469076,1,1
6497,15.1120611,2,5,13,66.57147543,2,0
2367,15.11579698,1,2,20,64.50478312,0,0
8168,15.12000498,1,4,2,85.96666562,1,0
3547,15.12180083,3,3,4,81.11269357,3,0
5163,15.12301063,1,5,23,72.65586371,2,1
6487,15.12454833,2,4,13,73.72322458,0,1
8000,15.1254598,1,5,4,62.89352341,4,1
2221,15.13225279,3,1,19,90.58882288,0,1
6336,15.14940998,1,4,8,87.50158615,0,1
3815,15.16163776,3,5,21,58.92784324,5,1
3108,15.18357374,1,5,18,67.08836385,1,0
9033,15.18383112,3,1,22,100.7733463,1,0
9711,15.18600574,2,5,20,83.51245092,4,1
9975,15.20462856,1,2,3,87.17074194,0,0
4719,15.20841344,2,2,20,97.2578926,0,1
264,15.21446671,2,3,6,70.70082969,4,1
3089,15.21520749,2,4,20,56.19060796,3,0
5644,15.21705772,1,5,4,67.15147128,5,1
246,15.22192679,2,3,1,80.01546363,3,0
6252,15.23352521,1,5,15,83.971571,3,1
7840,15.23534566,2,4,2,65.42575023,1,0
8703,15.23759542,1,4,10,73.24518117,5,1
4425,15.24413064,2,3,12,91.83554704,0,1
6395,15.25754684,1,5,12,66.39262869,2,1
317,15.26633271,3,5,2,55.28790652,0,1
3496,15.26946863,1,3,14,78.43377961,2,0
418,15.26965594,3,1,4,66.92772485,1,0
2710,15.27531489,3,5,1,86.96866349,2,1
6870,15.27704338,1,2,8,76.13356212,2,1
2234,15.28064984,2,1,11,73.86322126,2,0
6313,15.29049938,1,5,20,76.74104187,3,1
2767,15.29437327,1,5,19,66.24792946,3,1
9631,15.29913796,2,1,9,87.6450809,2,1
9574,15.30226599,2,1,15,84.49486227,1,0
3987,15.30554184,3,4,24,62.73623587,0,0
274,15.31558786,3,3,21,61.70897188,1,0
1121,15.33221808,1,5,12,71.2613408,2,1
9355,15.33742076,2,4,4,77.59441806,2,0
9855,15.34483686,3,2,11,70.76289722,4,0
1875,15.34611476,1,5,5,73.04552738,2,0
7637,15.35781235,2,3,18,82.02833383,2,1
5605,15.37853856,1,5,16,68.74994357,2,1
9206,15.3822839,3,3,16,80.68710125,3,1
1699,15.3825423,2,2,12,76.99712907,1,1
3581,15.38489181,2,5,11,61.4654589,2,1
3279,15.40103129,3,2,2,76.29284492,1,1
7692,15.4015311,2,5,4,71.12480618,4,0
1748,15.4047067,2,3,5,65.7281092,3,0
9288,15.40685304,1,5,8,67.20059959,5,0
5870,15.4119862,1,5,22,70.88375432,2,0
2171,15.42041556,2,2,19,87.72543417,0,0
6881,15.44320031,2,5,23,80.41073281,2,1
8807,15.46249004,3,3,5,70.89295458,7,0
8490,15.47861861,3,4,22,63.10279937,0,0
3487,15.47969316,1,3,21,60.51015505,2,0
6811,15.47999308,1,2,17,71.40302139,0,0
460,15.50355138,2,3,5,83.1476611,0,1
1767,15.52703441,3,5,13,69.56871931,1,0
4721,15.54230652,1,4,5,74.92202455,2,1
9073,15.5597713,3,3,14,72.52195511,1,1
765,15.56590944,1,4,2,74.08977483,0,1
3024,15.56748668,1,4,20,77.98824704,2,0
8204,15.56829933,1,3,3,71.37929042,5,1
8444,15.57091644,2,2,20,75.89548251,2,1
8397,15.57664843,1,3,9,63.99597509,1,1
4518,15.57827419,2,4,12,85.05750739,5,1
8769,15.58114792,3,5,6,64.42216403,1,1
3442,15.58162183,1,5,1,78.13609671,4,1
1690,15.60061491,1,2,18,67.23614718,3,1
1154,15.60208234,3,5,4,66.48273745,2,1
8422,15.60972075,1,5,12,79.13382652,5,1
6356,15.61412952,1,4,9,80.91420735,1,0
7084,15.62871731,1,2,16,71.76819127,4,0
5337,15.63529045,1,4,23,82.3396665,5,0
6764,15.63840019,2,3,13,71.97958771,4,1
4667,15.64129318,1,5,9,68.29820193,5,0
3642,15.64971411,2,3,13,81.88523301,3,0
5344,15.67640679,2,3,6,73.8536963,1,0
5964,15.68678435,1,2,4,69.81882817,4,0
9910,15.69722094,3,2,4,73.8388549,3,1
5947,15.71339788,3,2,4,79.86408926,2,1
3524,15.71676556,1,5,13,75.09877285,2,1
686,15.71968682,1,5,22,60.74523436,5,1
393,15.7238735,1,5,2,70.50243617,3,0
2071,15.73608748,1,2,11,78.78950653,3,0
6316,15.7403744,1,3,8,72.21164026,1,1
3043,15.74093248,1,2,5,62.36839458,1,0
3598,15.74660796,1,5,18,74.60058716,1,1
9652,15.82950564,1,2,21,71.23148466,0,0
2070,15.84804025,1,3,22,75.10693105,4,1
1539,15.84891663,2,4,13,75.19959145,4,1
8704,15.85699015,3,5,8,77.48910678,1,0
9932,15.8614383,3,4,10,77.8731549,3,1
5357,15.86337824,2,1,14,71.48204433,2,1
7464,15.86589977,2,4,12,60.20645265,1,0
7181,15.87996849,3,5,6,90.74903813,1,1
6254,15.89784504,2,5,14,63.61311039,0,1
1428,15.90179115,2,3,24,86.55322303,3,1
7405,15.91420027,3,3,23,78.33373808,2,0
7287,15.91518038,2,3,1,64.81372562,3,0
8815,15.91533295,2,5,4,69.83770412,2,1
9734,15.92588783,2,4,22,71.55412672,1,1
6133,15.92631464,1,4,22,80.21552535,3,0
6878,15.92737331,1,5,20,80.90184795,4,1
6992,15.93758507,1,5,7,81.16811997,1,0
4644,15.93973612,2,5,21,78.44304979,3,1
2644,15.95855543,2,2,24,81.48441123,1,1
2652,15.96097131,1,5,12,78.7142136,2,0
3523,15.96962757,3,3,19,75.19401227,4,0
5716,15.97505299,2,5,10,81.65918619,1,0
7102,16.0163748,2,5,23,87.40228373,1,1
8084,16.02563023,2,3,6,75.70560132,2,0
9692,16.03169177,2,2,11,73.65037507,0,0
4593,16.04372887,3,3,20,75.47121422,4,0
2346,16.04646458,1,4,6,72.80143962,2,0
263,16.04729243,2,5,6,68.30990695,1,0
9000,16.04765788,1,5,3,71.33127338,3,1
9570,16.05728625,2,5,11,58.90809799,3,1
4741,16.06296181,1,5,11,61.29853733,2,1
6323,16.07033871,1,5,10,74.31266342,1,0
5237,16.07123339,2,5,21,56.08753706,3,0
1559,16.08265405,1,3,23,73.45397611,1,1
9175,16.08865812,2,5,8,80.20316299,2,0
7597,16.0926544,1,5,6,84.07694764,2,1
3837,16.09849152,1,5,5,65.3936993,2,0
3981,16.10145169,1,5,24,75.21764293,3,1
3261,16.11159405,2,5,8,82.10521765,1,0
1370,16.11350345,3,5,3,54.65065924,1,1
9824,16.12544124,3,5,19,79.36463592,2,1
9963,16.13113918,2,1,7,98.09240576,4,0
1801,16.13156159,1,2,24,82.37883471,1,1
2963,16.13194809,2,1,22,76.58217946,2,1
478,16.13463339,1,4,21,64.78539031,1,0
4752,16.14124806,1,5,7,71.32346061,3,0
3211,16.15622465,3,1,13,85.52843236,0,0
5794,16.16651587,2,5,14,83.17612264,1,0
5533,16.17298507,1,5,8,79.32843627,1,1
3629,16.18236471,2,5,19,72.01119136,3,0
4829,16.1846888,1,5,4,58.02810372,2,1
8924,16.1851751,3,3,4,83.41467488,1,1
2145,16.18613228,1,5,16,53.81945752,3,1
3746,16.18882608,1,3,4,87.06846813,1,0
1615,16.18963905,1,5,9,71.57628768,1,0
860,16.19271593,2,4,9,55.20615192,4,1
1786,16.20268916,2,5,5,83.81478268,2,0
9463,16.21626492,1,5,24,75.92243119,1,0
7350,16.22097536,2,1,5,68.23917716,1,0
9586,16.22425701,2,3,11,69.7447105,1,1
3789,16.2278749,3,4,7,69.39844328,2,1
5843,16.2301466,1,5,4,112.6438275,0,1
1397,16.23526245,2,2,12,85.85028204,4,1
4665,16.24430868,2,4,19,86.41225225,1,1
2632,16.25303017,1,2,18,84.48922191,4,1
1076,16.25638386,1,4,5,67.63819856,3,1
4486,16.26660922,2,5,22,79.87622835,2,1
3656,16.26665017,1,5,7,71.96967459,1,1
4517,16.28864107,3,4,17,70.47348386,3,1
4748,16.30972553,1,5,8,59.80880989,3,1
385,16.33671467,2,3,17,63.63803838,6,1
3288,16.35124134,3,3,21,68.36092754,3,0
3512,16.35498708,1,4,13,59.93598186,3,0
3707,16.36078494,3,3,4,65.60301797,1,1
125,16.36809144,3,5,21,62.77882,2,1
3224,16.37274537,1,5,13,84.86740384,0,1
4731,16.38144465,2,4,17,80.24213865,4,1
6809,16.38233827,2,4,17,60.61026533,7,0
7374,16.38610844,1,2,6,82.54326856,5,1
6560,16.40948602,1,5,2,90.62026018,2,1
2690,16.42574438,1,5,24,74.60385272,5,1
74,16.43872669,1,5,15,66.3764302,4,1
2617,16.44643363,1,5,12,79.73717186,0,1
4268,16.45103203,3,4,22,59.5634654,4,1
483,16.45194498,2,2,23,71.86847789,5,1
4494,16.45258551,1,3,13,65.83501989,0,1
90,16.46384936,1,4,12,79.38147436,2,1
3676,16.46635888,2,2,23,69.14914606,2,0
2720,16.46695704,1,5,3,69.21975813,4,0
8199,16.4701444,3,3,4,79.382386,3,1
3694,16.4774348,2,2,2,70.01912071,1,1
1729,16.48302512,3,2,5,89.43052391,2,1
1805,16.48852866,1,4,4,67.45845994,3,0
2555,16.4914957,1,4,21,76.37716365,1,1
2176,16.49651014,3,5,10,71.42126045,1,0
130,16.4987947,2,5,19,85.84615684,2,0
8324,16.50891178,2,5,4,82.38385459,3,1
8179,16.51190019,2,5,24,80.25576699,3,0
7556,16.51367464,2,2,6,86.39690428,0,1
7472,16.51616952,1,5,2,81.30705011,3,0
252,16.52084365,3,4,13,64.56103651,1,0
5616,16.52404063,2,5,18,51.37416283,1,1
3934,16.53781325,2,5,21,58.21400733,3,1
2916,16.54477448,2,1,7,65.96821638,3,1
833,16.5495185,1,4,14,77.59303431,3,1
7002,16.56327465,1,5,9,67.82415248,2,1
1078,16.56906896,1,3,13,94.89006288,3,0
4315,16.57732102,3,4,22,70.4733144,1,1
4006,16.58250971,3,5,11,90.13151268,0,1
6154,16.58824508,3,4,19,80.56369594,2,1
1775,16.59408677,1,5,17,70.92769056,2,0
8240,16.59708106,2,5,1,76.95902711,4,1
1540,16.59970681,3,2,20,70.35530388,4,1
2790,16.60032187,1,5,9,94.51894202,1,1
6855,16.60850452,1,5,2,77.65893106,0,1
7158,16.61719472,2,5,15,86.34425363,2,1
33,16.62347291,3,1,5,83.65759943,1,1
1644,16.6314761,1,4,6,77.38705954,2,1
2463,16.67016836,3,2,16,63.29835873,4,1
9537,16.67097533,1,5,15,78.2073743,1,1
2023,16.67196233,1,4,15,77.37967426,4,0
50,16.67240058,2,1,10,79.52625423,3,1
9671,16.67263301,3,5,11,63.26521124,2,1
4915,16.67715801,1,5,22,73.9678993,0,0
5810,16.67944114,3,5,23,86.03303761,3,1
7393,16.69182162,1,5,18,78.46765857,0,0
3632,16.70030982,1,5,13,73.79141488,1,0
5595,16.70814893,1,5,16,78.52801509,2,0
8817,16.70952208,1,4,22,84.07871965,2,1
7361,16.74598943,2,5,1,70.17606266,1,1
1062,16.74865531,3,1,5,67.96290874,3,1
4579,16.77717089,3,4,7,72.09549922,1,1
5864,16.77746078,2,2,3,78.48690049,5,1
97,16.78477718,2,5,15,85.87262209,2,1
9754,16.79982011,3,3,22,79.50863252,3,0
241,16.80853659,1,3,2,77.95651297,1,1
2722,16.82207774,2,2,15,74.45738078,1,0
3958,16.82312999,3,5,18,70.81917424,1,1
1913,16.83098141,1,3,15,65.63718793,2,1
7666,16.83865134,3,5,1,64.15115254,2,0
8974,16.84465449,3,5,18,74.08826782,1,0
1572,16.84962336,1,5,14,83.63524382,0,1
926,16.8528478,1,3,12,88.11931082,3,1
4758,16.86531252,2,3,12,71.75433585,4,1
5070,16.88488713,2,5,12,65.35012046,2,1
5675,16.91569078,3,4,4,78.60312471,2,1
9475,16.92362451,2,5,18,83.18503513,2,1
626,16.92362721,1,5,13,87.28865717,3,1
2937,16.94296965,3,2,17,71.28343608,2,1
2612,16.94353978,1,5,7,72.59059764,3,1
1199,16.95021541,1,3,12,66.73801865,2,1
4191,16.96915641,3,4,23,76.68450875,2,1
3688,16.97789731,3,4,20,60.65917502,0,1
4754,17.00515708,2,3,11,79.89589749,1,1
8439,17.02063376,2,4,24,81.35619929,1,0
3757,17.02801487,1,3,17,74.52707732,1,1
28,17.03836792,1,3,10,84.96577873,3,1
9428,17.04147398,1,5,24,80.34367492,1,1
6792,17.07073082,3,3,14,60.40408833,0,0
6814,17.07979963,2,4,4,99.94539106,2,1
3517,17.08703805,2,1,9,59.89859593,1,1
1080,17.09416327,3,5,8,55.86160601,1,0
4324,17.09751539,1,4,13,66.75382623,4,0
2082,17.09895902,3,5,6,77.29353207,0,1
3798,17.10482045,2,4,8,79.89706778,1,1
6794,17.12653994,1,3,5,84.32488926,2,1
7013,17.13176406,1,2,15,68.6949914,3,0
2036,17.15510552,2,2,24,78.16250833,4,1
6185,17.15711272,1,5,10,75.60970266,1,1
3944,17.15751442,3,4,7,90.68003104,3,0
903,17.1614785,2,5,8,85.2629174,0,0
2406,17.17337721,3,1,9,76.81256002,4,1
3588,17.1806116,1,2,14,55.00308115,2,1
9912,17.1836975,2,5,21,80.92280425,1,0
1654,17.18479332,3,4,24,78.9035931,0,0
7687,17.20186785,2,4,16,78.8247175,2,0
8079,17.20453146,1,4,22,75.69453524,2,0
7370,17.21226585,1,2,21,74.43475739,3,1
6824,17.22618684,2,5,8,81.11757047,2,0
4949,17.23060496,2,5,21,54.71668435,2,1
2210,17.24170051,1,5,20,72.26339295,5,0
4107,17.25193534,3,2,15,65.02391527,0,0
2815,17.25843553,3,3,13,88.38159622,0,1
2050,17.26952303,1,5,16,64.67779666,2,1
5545,17.28359428,1,4,22,87.56968851,2,1
2289,17.29017378,3,5,6,75.92080016,1,1
5522,17.29173353,1,5,23,70.75050185,0,0
1047,17.29507186,1,4,19,89.52691885,2,0
9419,17.29921366,1,5,15,85.02066934,3,1
3568,17.30253687,3,3,10,65.9158807,2,0
898,17.30354465,2,2,9,74.87207376,1,1
6088,17.30469356,1,4,3,74.80785394,3,0
608,17.30904929,2,5,10,75.03934941,3,0
9353,17.32840784,2,2,8,68.73263533,1,1
2452,17.32967139,1,4,22,69.35831534,1,1
5628,17.33009036,1,5,22,65.82966008,1,1
8402,17.33047976,2,1,8,65.30231159,0,0
3025,17.34158618,2,3,16,85.28441194,3,0
668,17.34188198,1,3,16,66.03485129,3,0
2763,17.34658054,1,2,22,80.18430204,6,1
3593,17.3525514,1,3,1,72.79291989,2,1
8992,17.36132526,1,5,16,79.8095645,3,0
1986,17.36193791,2,2,5,75.44021846,0,1
3613,17.36464947,2,5,24,58.80049794,5,1
4565,17.36856884,1,5,14,81.92987671,4,1
2833,17.3833063,1,5,7,75.17824996,0,1
9607,17.39376906,1,2,3,92.15940432,1,1
5345,17.39917662,3,3,24,77.19567225,3,1
9775,17.41071373,3,5,20,77.71424339,3,1
8009,17.42217146,2,4,14,83.7437268,3,1
8579,17.43000107,2,5,12,75.87693753,4,1
7170,17.43083141,1,5,10,61.06872014,0,0
578,17.43535638,2,3,16,76.12114511,2,1
2678,17.46492452,3,4,19,75.81358223,3,1
5847,17.47554318,1,5,14,72.12327138,1,0
4757,17.47688945,1,5,7,79.34304237,3,0
3420,17.49981801,1,5,17,74.13462191,2,1
9482,17.51014454,2,4,12,70.88617219,3,1
7264,17.53671235,2,4,10,76.5933303,1,0
6454,17.54714458,1,4,24,79.02479617,1,1
1497,17.56018083,2,3,4,64.88548266,3,1
7619,17.56140259,1,3,15,67.83589554,2,0
7198,17.57166814,3,3,7,57.97212932,4,1
5700,17.57471027,1,3,2,76.56122221,1,1
2040,17.57625187,3,4,20,75.03525706,0,1
4307,17.58532183,2,4,14,78.98649905,4,0
7828,17.59390278,2,1,13,62.62875348,4,1
2430,17.65821788,1,4,24,71.24265798,1,1
6000,17.67161083,1,4,24,92.42119124,3,1
2471,17.67540229,1,2,7,74.0964416,1,0
8010,17.67576446,2,4,14,80.05330384,5,1
75,17.68206837,1,3,24,82.6578287,1,1
474,17.68828595,1,5,9,77.84239747,2,1
8015,17.6896115,3,2,14,78.11688488,0,1
8560,17.7058007,1,5,9,54.43360432,2,1
3533,17.70611206,2,4,2,75.28529398,2,0
5874,17.70771143,2,5,14,89.95992948,3,0
6761,17.71745812,1,4,14,81.36861812,1,0
2092,17.72712596,3,4,5,60.82806809,4,1
2301,17.74501522,3,5,12,57.2965142,2,1
4663,17.7503778,2,5,14,74.63091999,0,1
289,17.75778661,1,3,23,63.07200991,3,1
8333,17.78392233,3,3,8,70.3114032,2,1
892,17.78415037,2,1,5,64.50112448,0,0
3418,17.78916472,2,4,17,88.11420891,0,0
4419,17.78943116,3,5,17,68.40983843,3,0
8305,17.79824751,1,2,12,66.65828025,0,1
2738,17.80206887,1,5,11,74.55422151,1,1
1040,17.80719258,1,5,6,68.34329286,1,0
793,17.81170357,1,5,13,69.04259136,0,1
4394,17.81275519,2,4,15,74.59982472,1,1
1612,17.83665936,1,2,9,71.50410635,0,0
138,17.84097075,1,5,15,76.54946013,2,0
5062,17.85215258,3,5,4,81.62800743,1,0
5108,17.85530862,1,5,4,73.23440045,1,0
4753,17.85719391,3,5,3,69.82778721,5,0
4114,17.86107068,2,3,5,90.36003744,4,0
4793,17.86500629,1,5,11,71.13432434,2,1
9944,17.86551255,2,4,5,65.67198665,1,1
7048,17.87194911,1,5,9,74.35822135,2,1
4547,17.8745241,2,3,20,58.72985935,2,0
5671,17.88366616,3,4,7,71.61939053,2,0
3049,17.88586415,1,5,10,93.10436686,2,0
3647,17.8871384,3,2,18,90.9235512,0,1
9086,17.9091551,1,5,1,75.03892534,2,1
9672,17.91280091,2,5,6,55.01361202,5,0
1579,17.92063699,3,2,1,76.51982999,0,1
4464,17.95456391,1,2,2,69.28303913,1,1
6303,17.97391833,3,5,18,83.86373495,4,0
985,18.00104124,1,5,4,62.51114868,1,0
6987,18.00507233,1,3,11,81.43263577,0,0
3379,18.01197772,3,5,21,73.46990922,1,1
4155,18.01212833,3,5,2,60.19042296,5,1
4057,18.01900532,3,4,2,75.61202535,2,1
3962,18.0264366,2,5,3,70.46831874,1,1
4043,18.02995637,2,5,20,83.93909595,1,0
6059,18.03839904,2,1,13,71.32080651,3,0
6146,18.03976383,1,5,12,78.18988858,1,1
1059,18.04029991,2,4,8,64.0917105,1,1
7793,18.04205182,1,5,15,88.20322701,3,1
1966,18.04326906,2,3,4,78.68087783,1,1
3750,18.04756928,1,3,8,87.08469843,5,1
1665,18.04762368,2,2,10,61.43556696,2,0
636,18.05846682,1,4,3,84.50408523,2,1
9092,18.05871226,2,5,3,68.04215565,1,0
6165,18.07404841,3,2,4,63.11290775,1,1
3713,18.07783502,3,5,20,74.94710206,2,1
5393,18.07908837,1,5,22,75.14332388,0,1
108,18.07941512,1,2,5,71.16358366,1,0
3103,18.08223906,2,2,23,67.65423409,4,1
2064,18.08944662,3,5,7,91.46361158,1,0
1637,18.09253617,3,4,19,61.33591075,1,0
5440,18.0926423,1,5,22,83.57378916,1,0
2131,18.09753039,1,5,8,89.67163062,1,1
2867,18.10060138,1,5,3,86.24270572,3,0
1014,18.10322984,2,5,24,80.14573301,5,0
9438,18.10352027,3,5,22,67.06358914,3,0
7824,18.13449758,1,5,3,77.299688,0,1
1493,18.14545909,2,5,15,82.56847916,1,0
1235,18.14585688,1,4,3,73.1935456,0,1
4513,18.15360606,2,5,13,87.42900342,1,1
169,18.15525396,1,5,19,63.86388376,2,0
9624,18.16261976,3,1,4,80.93578568,0,1
7864,18.16321581,1,5,12,74.96062546,3,1
5839,18.1721296,1,5,13,75.66104468,3,1
8850,18.17741774,1,5,14,63.84640197,2,0
2575,18.18139716,3,5,24,75.8512186,0,1
2634,18.18651482,1,5,19,78.24956562,2,0
6810,18.19259092,3,4,17,70.9234958,1,0
4035,18.20798068,3,3,7,57.4750991,4,0
341,18.20971421,2,3,17,63.42369035,1,1
6738,18.22671323,1,3,3,79.9574501,3,0
667,18.23327933,2,1,21,74.47298183,5,1
4165,18.23371385,1,5,20,75.77333374,4,0
582,18.23373895,3,4,21,63.5566709,3,1
7036,18.24272854,2,5,19,74.51180946,2,1
5235,18.24286598,1,5,17,73.81594842,2,1
1050,18.24640367,3,4,2,82.45027273,1,0
2491,18.27536014,3,3,17,82.74060122,5,1
8941,18.28152682,1,2,11,74.41893506,1,0
9914,18.28811524,1,4,15,85.89268272,2,1
2801,18.29878247,2,5,14,82.30147263,3,1
1779,18.31911503,1,3,2,79.02060823,3,1
9220,18.33140185,3,4,23,79.6812342,0,1
1210,18.34153944,1,5,11,86.55638548,2,0
8983,18.34756468,3,5,14,77.91489914,0,1
9249,18.35215332,3,5,6,76.58631335,2,1
7365,18.35311065,2,4,11,67.08086222,0,0
719,18.35350369,1,2,16,82.07903539,1,0
7628,18.37110077,2,5,4,75.38168167,0,0
9892,18.37414541,1,5,12,89.44485842,3,1
6711,18.37780734,1,5,7,66.99162565,1,0
4672,18.39307216,3,3,8,64.50586292,4,0
798,18.39309739,2,5,11,79.80070344,3,1
4852,18.39775269,1,4,22,70.04638975,0,1
9809,18.41733608,2,3,8,66.16493987,1,0
3928,18.4241075,2,5,10,74.03726042,1,0
2065,18.42693137,1,5,12,77.39253109,4,0
3216,18.4309719,3,5,12,84.8834238,2,1
4349,18.43823504,1,2,14,88.45755853,1,1
6171,18.4721845,1,2,24,74.3884258,0,1
3362,18.49176488,3,5,10,71.56974167,6,0
9755,18.49548398,1,2,5,69.59492022,2,1
7688,18.49717445,1,2,11,66.78899413,0,1
9020,18.50056179,1,5,4,71.5493587,5,1
8691,18.50487587,3,1,2,79.94272169,2,1
7772,18.51305853,1,5,10,79.1862451,1,1
5419,18.5386202,3,4,2,81.3381048,3,1
5113,18.54255221,3,2,10,84.06370048,0,0
1411,18.55225269,3,5,22,82.6259924,0,1
5396,18.5616417,1,2,11,79.18311992,2,1
5375,18.56493009,1,2,3,71.92808448,4,1
4653,18.56818277,1,5,10,75.95766988,0,1
2345,18.569197,1,4,3,78.43145362,2,1
5339,18.58667203,1,4,8,73.36522526,4,1
5324,18.5869459,2,5,20,80.3616203,1,1
1826,18.58942619,3,2,2,70.43918867,1,1
8196,18.58961182,3,5,23,75.1886992,1,1
5323,18.59895006,3,1,4,66.48736756,4,1
4054,18.59987641,1,4,5,77.01211562,2,0
2746,18.60355296,2,1,13,70.11619064,0,0
7801,18.60878489,2,1,14,79.06830136,1,1
7759,18.62552264,3,4,2,90.59008422,6,1
611,18.63035434,2,5,15,97.67760886,2,1
8555,18.63303822,2,1,8,74.38790015,2,0
7779,18.63735822,3,1,15,79.21209005,1,0
9287,18.64610195,3,1,1,79.66585567,1,1
8277,18.65678693,1,2,2,67.73029226,3,1
45,18.66399749,3,5,21,72.6230308,5,1
1957,18.67127277,3,4,18,99.67957599,2,1
1880,18.67779977,1,5,22,79.97091009,1,1
4861,18.67965055,1,5,21,87.60317354,1,0
9655,18.68591331,1,4,21,83.73268859,2,1
9516,18.692447,2,2,5,64.96398246,1,0
5537,18.6959723,3,4,12,79.48959963,1,0
9,18.69627258,2,4,5,57.64699179,4,1
3057,18.70080318,1,2,2,70.05158494,1,1
3706,18.72073627,1,2,14,67.89841081,2,1
4392,18.72467436,1,5,18,80.09813313,4,1
8356,18.73451165,1,5,1,72.48674736,0,1
2928,18.73785318,2,4,14,81.82933292,2,1
4992,18.74804053,1,5,19,73.4381638,0,0
16,18.75393308,3,5,19,87.81068802,2,0
774,18.75493814,2,3,12,76.76031843,1,1
7826,18.75552338,1,2,22,75.6929329,0,0
2879,18.7560789,3,5,23,87.9828516,4,0
1143,18.76315374,3,5,2,62.36652361,2,0
8739,18.76952064,2,1,7,87.76588819,1,1
2885,18.78057303,2,4,19,79.38381575,1,1
6413,18.8068663,1,5,18,79.30049281,2,0
1232,18.81448982,1,4,21,70.14141681,4,0
8437,18.81626168,3,4,12,65.65981517,0,1
8914,18.82108944,3,5,24,84.70049304,1,1
3747,18.82881376,2,4,1,73.8694163,1,1
5001,18.84071879,1,4,6,69.17111313,2,1
4221,18.85942498,3,1,17,64.43045846,1,1
7108,18.86289001,2,3,15,75.01375389,4,0
7154,18.86406567,3,5,21,70.05413106,4,0
1496,18.86742475,1,4,2,68.55435373,0,0
9081,18.87281955,1,5,20,63.08931483,2,0
4355,18.89321703,1,5,19,72.17217964,3,0
9900,18.89970289,2,1,17,86.539798,1,1
8978,18.91110009,1,2,7,74.70015886,1,1
528,18.91298566,3,5,11,93.22674456,2,1
7747,18.92078755,3,4,8,92.81221517,3,1
9544,18.92992653,1,5,4,60.0209253,3,0
2922,18.93875639,1,2,16,76.35867086,2,0
9941,18.95209483,2,1,4,85.8919582,1,1
8615,18.95496,1,4,12,76.47886209,3,0
2132,18.95511057,3,2,3,77.13763962,1,1
333,18.95695817,2,3,7,103.0493872,3,0
7896,18.96843936,3,5,21,60.5748188,1,1
1238,18.97832833,1,5,12,71.9349933,2,0
6439,18.98122662,1,5,12,58.24407373,1,1
6913,18.98598093,1,5,23,69.59096554,3,1
3984,18.98893165,1,5,3,75.65160469,3,1
3714,18.99178762,3,1,16,67.2095039,4,1
7913,19.00734227,2,4,19,79.39238838,3,1
7863,19.01567872,2,5,8,82.26231151,1,1
161,19.02216023,1,5,1,67.7570293,3,1
4070,19.03255285,1,5,6,64.47241125,2,0
7843,19.03353705,1,5,16,79.58213972,3,1
2915,19.03962988,2,1,16,73.43113431,0,0
6370,19.04641898,2,2,2,47.0140395,2,0
2147,19.04901386,1,5,15,77.78275186,2,0
6802,19.04964757,2,3,22,85.92651331,4,0
105,19.05321179,3,5,12,88.04438723,0,1
7562,19.06140675,2,3,2,75.12755288,1,1
6355,19.06871285,1,5,5,82.03343413,5,0
1681,19.1218771,1,3,16,61.24589313,2,1
231,19.12381843,2,2,4,76.8244224,2,1
3576,19.12500599,2,3,19,87.66513307,2,1
1593,19.12962476,1,5,9,90.69748973,2,1
7442,19.1336169,3,5,21,73.01299948,0,1
1058,19.13759669,2,4,11,60.43485766,2,1
7889,19.15467803,1,5,14,71.1484283,4,1
7056,19.1699153,2,1,6,80.66419943,2,0
616,19.17653896,1,2,17,72.16478296,0,1
8733,19.17947424,3,1,21,70.6445187,0,1
1322,19.19315711,3,5,6,67.17504641,1,0
1048,19.19745236,3,3,7,69.77228795,5,0
9498,19.20448156,2,5,14,66.65771336,3,0
8589,19.21407991,2,1,8,79.15230794,1,0
532,19.22852768,1,4,22,83.28454932,2,0
6195,19.2339871,1,5,13,79.67208651,2,1
9767,19.24006637,2,4,3,66.02613744,3,0
3196,19.25025793,3,1,19,65.00186918,0,0
6434,19.26348093,1,5,1,79.67914942,2,1
8572,19.27097455,2,5,6,68.47911945,3,1
3134,19.28558992,1,5,19,67.53491511,3,0
9443,19.29554023,1,5,24,92.06379495,1,1
1584,19.30009586,2,1,12,80.00813432,1,0
3117,19.30223783,1,3,12,57.54489181,2,0
109,19.31434806,1,5,5,75.97801602,0,1
3535,19.32547147,3,4,23,87.35645963,2,1
4691,19.33650126,1,5,21,64.78894308,2,1
6084,19.34339094,1,4,3,77.95050244,0,0
5846,19.34886681,2,5,12,94.48305797,0,1
1495,19.34912373,2,5,15,56.00569886,5,0
9509,19.35301425,3,4,2,72.1335391,1,1
421,19.37044421,1,5,18,64.00768994,1,1
8625,19.38127226,3,5,5,69.12955237,3,0
5667,19.38353379,2,3,9,69.7228774,0,0
3378,19.38430841,2,5,4,80.04902564,5,1
2703,19.39086117,3,1,5,71.78812145,1,0
1039,19.40702595,1,5,13,81.14786197,2,0
4908,19.41049779,2,5,7,52.80881603,3,1
4407,19.41060294,1,5,12,80.26888269,1,0
1622,19.41910376,3,4,14,83.07109452,3,1
7745,19.42268182,2,1,22,86.32416818,0,1
2778,19.42753347,3,4,24,97.72798772,2,1
3247,19.42958119,1,2,12,76.76283867,4,0
4052,19.44680457,1,5,23,70.85349573,2,1
4724,19.4638042,2,3,2,82.83328404,2,1
9793,19.46430297,3,3,4,80.29622555,1,0
2771,19.47640879,1,2,1,75.33141116,2,1
1035,19.48173895,1,5,5,86.99783449,2,1
9808,19.485832,2,1,8,78.69418066,1,1
6480,19.48816375,1,5,14,88.75845317,2,1
2594,19.51854387,2,3,6,79.25789324,0,1
1103,19.52778932,3,1,11,73.71134578,1,1
7537,19.53182127,3,5,23,79.49532214,1,0
6103,19.54155345,1,2,20,82.39693947,1,1
6333,19.56611131,3,1,23,72.24414551,2,1
5434,19.57050279,2,4,24,81.08784374,0,1
9988,19.60245567,1,5,18,80.74788785,3,1
7468,19.61552016,1,5,9,64.60501388,0,0
9814,19.62308824,2,2,19,70.35759826,3,1
4810,19.62895385,2,5,16,82.9308808,1,1
1473,19.64074134,2,4,8,70.29803858,1,0
5004,19.65103815,1,2,19,64.05281358,3,0
9774,19.65411128,1,5,3,49.87526558,3,1
2357,19.66502262,1,5,19,75.55743037,1,0
1521,19.67237925,1,5,18,83.194436,3,1
8290,19.68391422,3,4,5,79.98678919,3,0
2957,19.69476715,2,1,3,69.61518422,2,0
9054,19.7157143,1,5,12,74.09654942,0,0
1811,19.71934601,1,5,4,79.54964251,1,1
9447,19.73906073,1,5,17,74.19574941,4,1
2502,19.74732379,2,2,22,64.11691864,4,1
4409,19.75050229,3,2,7,83.06593174,3,1
8468,19.75223725,1,4,17,80.98273552,3,1
5475,19.75277021,1,5,13,86.44529813,1,1
9979,19.76512376,2,5,19,58.64346668,0,1
6732,19.76849998,1,5,10,67.31238096,3,1
7153,19.76898302,1,2,7,74.33000628,3,0
6748,19.77579639,3,1,19,79.61168768,1,1
2028,19.78708476,2,3,17,74.30877837,4,0
8852,19.78948303,3,5,10,88.05671763,2,0
2900,19.79058978,1,5,16,77.69342155,1,0
8234,19.79757252,1,2,20,83.99840408,5,1
381,19.82672186,3,3,18,64.64548146,3,0
4746,19.84952826,3,5,13,78.91884719,3,1
4564,19.85601597,2,3,18,77.84307648,2,0
7069,19.86259344,2,3,14,63.38164687,3,1
2492,19.86323382,1,5,1,75.84566725,4,0
8835,19.86964467,1,2,4,71.15369885,2,1
9553,19.87069664,2,5,23,84.06154995,2,1
1293,19.87592678,2,1,10,78.76972041,2,1
8132,19.89060283,1,5,12,71.12171759,1,0
2787,19.89431191,3,4,7,63.66538589,1,1
3413,19.89804872,3,5,13,67.0461257,3,0
1296,19.9184559,2,5,18,64.63414845,3,1
5571,19.92271377,1,4,8,73.42717974,1,0
7574,19.92576416,1,5,20,81.10056916,4,1
9636,19.92584309,2,5,5,68.59381665,2,1
420,19.929698,3,4,21,65.54345453,1,0
4033,19.93931682,1,3,14,79.5663111,2,1
2461,19.94406447,3,1,5,62.54798758,1,1
3499,19.9537489,2,5,8,79.17505706,2,1
6999,19.95929372,2,4,24,82.97441098,0,0
7907,19.95945488,2,1,16,74.75831825,3,0
6012,19.96949537,1,5,12,81.06685775,1,1
6407,19.97105337,3,4,3,81.52166663,3,1
7985,19.98571662,3,2,20,80.26484325,0,1
6193,19.99084192,1,4,15,66.09992428,3,1
7126,19.9953194,1,2,14,68.69888616,3,0
8201,19.99756497,1,4,8,80.9785928,1,1
2097,19.99766175,1,4,5,70.5482055,2,0
7975,20.00032722,2,4,22,73.49717856,2,1
5732,20.00659228,1,5,7,76.5836291,0,1
2256,20.00790273,2,4,6,74.01633219,2,0
6531,20.01053518,3,5,10,90.56652456,4,0
8144,20.01402442,2,5,6,86.44895376,1,1
9849,20.0150789,1,5,14,78.31795867,4,0
5889,20.02051009,2,3,8,63.49833651,3,1
8298,20.04454622,1,3,8,91.42867538,2,0
4772,20.05039445,2,4,16,91.32495182,2,0
4110,20.0552736,1,3,18,71.59582814,2,1
9046,20.08425582,2,4,6,80.29765638,3,0
6221,20.0951399,2,5,8,59.85141956,0,0
955,20.09904735,1,5,7,71.04151984,1,1
7151,20.10983816,2,4,2,76.54814369,4,0
9839,20.11083068,3,5,19,73.27815337,2,0
1488,20.11468888,1,5,12,80.32729669,2,0
2735,20.12651285,1,4,6,76.95787717,2,1
367,20.12931022,2,5,24,82.89783688,3,1
4634,20.13023498,3,2,11,60.6028244,2,1
5668,20.13893383,1,5,24,83.99279051,0,0
3980,20.13966347,3,4,21,81.41300613,6,1
9556,20.1561119,2,5,16,82.09608495,2,0
8273,20.16541255,2,2,24,78.95480917,1,1
4332,20.16994588,2,4,11,92.72749822,2,0
877,20.17595345,1,5,22,80.48905996,0,0
207,20.18384693,1,5,20,91.73203402,0,1
5842,20.1907905,1,5,9,92.46853844,3,1
8779,20.1910547,2,4,13,65.778061,6,1
8457,20.19186787,2,5,3,63.09495931,1,1
1442,20.19201524,1,5,15,53.23837821,1,1
4942,20.19225584,2,1,15,89.41847507,4,1
1570,20.19536627,1,5,21,77.8564885,2,1
8165,20.19557196,1,5,19,83.57966776,2,1
949,20.20815786,2,5,20,78.1790944,1,0
1968,20.23185406,1,2,21,77.21225638,2,1
5918,20.23980773,3,1,14,58.51321706,3,0
2258,20.23986922,1,5,20,78.88977796,1,0
5902,20.24929203,1,4,15,75.96681338,3,0
723,20.25310081,2,5,5,61.29012918,1,1
4124,20.25312236,2,2,4,72.73902182,2,1
2917,20.25465261,1,5,1,75.74539056,0,1
6831,20.2593791,1,5,19,82.27561046,5,1
6687,20.27120268,2,4,8,62.03664021,1,1
5203,20.27600369,1,2,4,62.59458692,1,0
6249,20.27963544,2,4,12,83.72977087,0,1
1494,20.2894143,2,3,17,80.69719986,3,1
9342,20.28991192,1,5,13,86.78718323,3,0
8017,20.29043345,3,4,15,89.89886858,2,1
2287,20.30568219,3,2,21,67.41135733,2,1
1788,20.32128474,1,2,21,56.31729032,0,0
3230,20.32132703,1,2,19,81.27918081,3,1
902,20.32324935,1,5,22,73.31647631,2,1
7943,20.32666462,1,4,12,76.90782305,1,0
9703,20.33511062,1,5,4,95.31518596,4,1
7655,20.35333732,1,5,23,64.80271265,1,0
1911,20.35965785,2,4,20,92.15215729,0,0
2026,20.36482281,2,5,15,80.48811759,2,1
1482,20.37109312,1,5,6,89.45932623,1,0
1590,20.37411618,3,5,15,66.56236829,2,1
357,20.38774797,3,5,4,95.50352005,2,1
5415,20.3978299,2,4,2,73.39549785,1,1
5932,20.40515424,2,5,15,71.98394671,2,0
6317,20.41604328,1,3,17,75.96702836,3,0
1879,20.41669853,2,4,10,71.75673235,1,0
6828,20.42588215,3,5,5,82.06587308,3,0
2870,20.4263587,3,3,22,84.95758992,1,1
1848,20.42994426,3,1,15,64.65673186,1,0
5578,20.43083884,1,2,1,83.23673797,3,1
9977,20.4312429,1,4,8,67.16872623,3,1
5326,20.44734613,2,1,20,76.02838173,3,1
496,20.4485577,2,1,15,87.3805497,1,1
113,20.45937855,1,3,18,77.23602747,3,0
4717,20.4729331,2,5,14,70.47036559,1,1
8570,20.48518912,1,5,5,84.37731768,1,1
349,20.48560652,3,5,18,90.91323466,2,1
7289,20.48604073,2,1,7,67.97129228,0,0
1015,20.48711804,1,2,13,67.35495607,1,0
2321,20.50681283,1,4,20,77.36222894,2,1
2137,20.50928126,3,5,15,87.56991065,1,0
1931,20.50973141,1,5,6,74.71351962,2,1
5012,20.52814312,1,5,16,69.55110499,3,1
4554,20.54420623,3,5,1,85.02525359,3,1
3617,20.55169248,1,4,7,73.28445382,0,0
2647,20.56648874,3,5,10,91.90315186,3,0
7800,20.56756119,2,3,18,74.4984053,2,1
2496,20.56865636,1,5,16,82.45754164,1,1
7929,20.5893333,1,5,21,83.40482415,7,1
2932,20.59093281,1,5,14,81.60503276,4,1
9310,20.59305135,1,5,23,78.01795026,0,0
4664,20.59701557,3,4,11,57.96242183,2,0
499,20.61372966,2,5,12,68.25339694,2,1
8936,20.61535504,3,3,6,85.59424064,1,1
111,20.62304711,2,4,21,73.23567578,4,1
93,20.62732167,1,4,16,64.61805872,3,0
8947,20.62754219,1,5,19,89.60464096,4,1
3624,20.64334375,2,3,8,76.62668942,1,1
3180,20.65682693,1,5,7,70.8231348,3,0
3136,20.65889821,1,3,10,95.54314255,3,1
9188,20.66106492,1,2,7,62.76796085,3,0
718,20.66223481,1,5,9,54.79400141,0,0
9744,20.66867062,1,5,10,80.45165054,2,1
3249,20.68355696,2,3,11,65.66592992,0,1
8514,20.69337477,1,4,21,63.18871654,0,0
7070,20.70096263,3,1,12,78.58782823,4,1
334,20.71387621,1,2,10,65.19828505,2,1
1516,20.71543823,1,5,1,66.80977895,4,0
7742,20.71639112,3,4,7,68.25209407,5,1
938,20.7164016,3,5,13,80.03737107,2,1
3034,20.730148,2,3,3,92.62008254,3,1
1028,20.7311802,1,4,14,71.88973668,2,0
7246,20.73250394,2,2,10,73.68077679,3,0
9642,20.73954858,3,5,15,81.94091227,1,1
8937,20.74328421,1,5,6,72.72624989,3,0
4708,20.74989873,1,5,9,82.66923597,1,1
6883,20.7511676,3,2,7,75.38200065,2,1
3919,20.75464547,1,5,10,70.33693028,2,0
6001,20.76494116,1,4,18,75.72283438,1,0
638,20.76935229,1,5,4,75.61359946,1,1
1466,20.77782685,1,5,8,75.12813161,0,1
5020,20.77837528,1,5,3,73.79688353,1,0
1872,20.78482891,1,2,21,81.42694811,1,0
1773,20.79632282,1,2,3,44.98005222,2,0
3500,20.79935822,2,3,21,68.55950767,1,0
4617,20.81487856,1,4,6,77.81445296,2,1
3572,20.81534481,2,4,14,72.74890408,2,0
4242,20.82637709,2,2,4,80.82309827,3,1
8099,20.8304149,1,5,5,79.11952889,1,1
7471,20.83056086,2,5,14,72.47371233,0,1
7809,20.84885137,1,4,23,60.39222692,1,0
8289,20.86797335,1,5,18,93.45912926,4,1
9025,20.87175275,1,4,11,63.23953133,1,1
5388,20.87195265,2,4,14,85.82210865,1,1
9533,20.88096249,1,5,19,81.6257096,2,0
5258,20.88786588,2,5,24,73.00176866,1,0
5384,20.89057834,2,4,11,70.96638445,5,1
742,20.89438292,3,5,15,81.81560272,3,1
6513,20.90465741,2,4,12,87.08072201,1,0
4808,20.91257599,2,5,1,86.41703411,7,1
8473,20.91597245,2,4,17,76.45257472,5,1
760,20.916294,1,2,1,72.07471174,0,1
7868,20.92746334,1,5,13,83.40768925,2,1
8689,20.93708744,2,5,7,74.29289726,2,1
7445,20.93844458,1,4,22,96.14076646,1,0
3949,20.95116041,1,4,10,77.82523753,2,1
7618,20.95422032,1,2,14,83.9002901,2,1
2369,20.95501659,1,4,1,74.21887411,1,1
4896,20.9682169,1,5,17,81.49328358,2,1
251,20.97236531,3,4,2,57.72099698,7,0
6945,20.97360651,1,2,8,71.98560432,1,1
2730,20.97551927,2,4,24,68.31254878,2,1
6815,20.99196441,3,2,4,68.90164147,0,1
8359,20.99214943,1,5,20,86.76445526,1,0
2727,20.99260638,2,5,7,93.08692681,2,0
8049,20.99407076,2,4,5,83.27867996,3,1
2478,21.01304659,2,3,14,72.88638572,6,1
618,21.0249035,3,1,14,75.98745453,1,1
9317,21.02687393,1,5,17,83.52289314,1,1
6558,21.03628804,1,5,19,60.24164503,1,1
8855,21.03765898,3,4,6,72.54625671,3,1
6723,21.04093534,1,3,7,95.28112608,1,1
2254,21.04117963,1,5,13,59.10893668,2,0
8011,21.04751022,1,4,18,56.197495,4,1
7754,21.06146184,3,3,13,84.5667444,2,1
7376,21.06301754,1,5,12,76.58808452,3,0
4230,21.07524641,1,5,15,78.99482686,1,0
2112,21.08033411,2,3,11,67.26254759,0,1
3290,21.08575853,2,5,3,69.15522429,0,1
6388,21.0885708,3,4,22,97.97911757,3,0
1548,21.08922694,1,2,13,82.26671938,2,1
423,21.08995447,1,4,17,69.35841809,3,1
6893,21.0908948,1,5,4,73.84978005,0,0
3796,21.09551798,2,3,22,55.9153442,2,1
4628,21.10159778,1,2,12,83.51788472,2,1
1591,21.10321806,2,5,9,106.1022296,4,1
7410,21.10362864,1,3,14,82.31350463,1,1
3594,21.12034179,3,5,19,85.00811393,4,0
8368,21.12095899,1,5,22,87.82172445,1,1
1523,21.1259952,3,5,24,87.4050185,2,1
6584,21.13787169,2,5,21,78.13026007,3,0
2473,21.14586902,3,4,2,64.45109439,3,0
3305,21.14716151,1,4,15,80.69739234,0,0
4250,21.14932472,1,4,24,76.69939241,5,0
7680,21.16624609,1,5,23,66.1927015,3,1
5066,21.1843939,2,3,10,60.39368422,3,1
388,21.21235967,2,5,16,58.89753159,3,1
1920,21.21504624,3,3,6,80.15161768,4,0
9231,21.21546827,1,5,18,102.7694329,2,0
2613,21.22168588,3,4,12,90.60689087,0,0
2039,21.2272224,1,5,10,71.86585008,3,1
4830,21.22850071,1,4,8,83.07806145,2,0
9696,21.2314129,1,2,10,61.78063264,1,0
80,21.23956896,2,3,14,67.75294208,2,1
4870,21.2491424,2,4,18,81.95553129,3,0
8252,21.25667912,3,4,8,71.28945616,4,0
2129,21.2657354,1,5,23,67.76072764,3,1
2109,21.26963238,3,5,1,67.99998023,2,1
2643,21.27279492,3,1,23,77.4051866,2,1
2323,21.28015565,3,5,17,91.52496676,1,0
5293,21.28338172,2,4,6,95.33669605,1,0
9778,21.29841868,2,5,1,79.37477909,1,1
6398,21.30258029,1,5,10,60.2714078,1,1
1119,21.31194434,1,4,14,87.14268295,2,1
3194,21.31353657,1,5,12,80.96540474,4,1
24,21.31841058,1,5,2,85.92767121,4,1
1881,21.32304594,1,5,4,65.34465836,1,0
2828,21.33447944,2,4,22,72.45292096,0,0
6277,21.33745223,3,5,13,95.13795975,2,1
6826,21.33891184,1,4,12,79.61974781,3,1
3519,21.34157711,1,5,23,59.4844932,2,1
9368,21.343816,1,4,1,76.54100603,2,1
7580,21.35275147,1,5,9,66.13113389,3,1
8535,21.37219497,2,5,21,78.48482171,1,1
7541,21.39030285,1,5,20,76.04426703,2,0
146,21.39893142,3,5,10,63.45402275,1,0
9090,21.40116865,1,4,16,87.47813438,1,1
1247,21.41082622,1,2,12,86.42853552,1,1
4475,21.4131758,1,5,3,64.97719212,2,1
6657,21.42121536,1,5,2,74.44771413,1,0
6056,21.43410701,3,4,3,81.34637424,3,0
6259,21.43752059,1,5,15,73.56878526,1,1
4108,21.44014752,2,5,12,82.89794025,2,1
6551,21.44623325,1,2,8,67.07584606,0,0
4473,21.44819317,3,4,6,78.95360677,0,0
3366,21.45557657,2,4,21,68.59083519,4,1
4827,21.47332182,1,3,14,83.00398813,0,1
9364,21.477966,2,3,24,73.29963982,2,1
6956,21.48542226,2,2,2,89.70892024,3,0
3556,21.49592204,1,5,3,97.08225075,1,0
6361,21.49842184,2,5,10,88.56632898,0,1
8339,21.49935479,1,4,6,82.01027716,1,1
8634,21.51117152,3,5,9,62.61661924,1,0
7348,21.52736328,2,3,18,63.5989922,2,1
9265,21.54005175,1,3,23,74.0724779,3,1
3475,21.55455147,1,4,5,84.25698088,5,0
3526,21.56988466,2,3,3,74.05212046,0,0
2401,21.58140979,2,5,11,67.23658718,7,0
9096,21.58355483,2,1,15,72.04265136,2,1
3882,21.59156062,3,3,13,56.44674878,0,1
5309,21.60588079,1,5,7,68.06780589,2,1
5899,21.61129423,3,2,24,71.16641733,2,1
7385,21.61585777,1,5,7,76.93654877,4,1
7232,21.62352217,1,5,16,76.78893179,2,1
46,21.62483393,1,3,21,83.77094126,1,0
4867,21.6254287,1,5,23,69.94744368,2,0
2965,21.63417719,3,4,11,77.97598685,5,1
5349,21.64281897,2,1,6,91.00342883,2,1
8005,21.64724102,1,4,24,80.58125233,1,0
6948,21.64863337,1,4,4,83.6875127,2,1
2086,21.65100242,2,5,23,73.93608327,1,0
9989,21.65554495,1,2,9,57.11084504,1,0
8200,21.66673799,3,4,2,68.31267476,2,1
225,21.67458319,2,5,8,45.35772102,1,0
2144,21.68689839,1,3,11,69.60610962,0,1
4164,21.68872451,1,3,11,80.52210404,4,0
8025,21.69249794,1,3,21,70.87276249,3,1
932,21.69327303,2,5,14,76.4713909,4,1
1144,21.69535792,2,5,15,69.59747234,3,1
5259,21.69906891,3,5,15,81.23098995,4,0
6026,21.70067802,3,5,11,78.0105321,4,1
9281,21.70178578,2,1,22,83.24725153,1,1
800,21.7065631,1,5,11,71.47539507,0,1
8751,21.73269053,1,5,1,83.31069279,2,1
1403,21.74761713,1,5,23,78.36318317,5,1
5788,21.76516356,1,5,23,51.44082779,1,1
2,21.7744924,2,4,13,94.35876337,0,1
5146,21.77590176,1,2,14,85.19632318,2,1
5220,21.77831854,1,5,8,101.5352547,2,0
1404,21.78315608,3,4,6,70.88478599,1,1
2241,21.78809448,3,2,17,85.87916268,2,1
3253,21.79997128,2,4,15,85.69369271,2,1
7676,21.80338804,3,4,20,76.05505435,0,1
1324,21.81994699,2,3,9,72.8933355,0,1
135,21.82485703,1,3,18,76.59140928,1,0
5034,21.83317462,2,4,19,80.52043793,0,0
7990,21.83845238,1,2,22,74.29985687,4,0
8455,21.8409087,2,2,7,79.19316005,1,0
1716,21.84355346,2,1,8,82.96530267,3,1
8369,21.84390332,3,1,15,73.21601157,4,1
4346,21.84474943,2,5,17,66.2164289,2,0
5951,21.85627132,2,5,17,65.15960272,2,1
7406,21.86048743,1,5,20,84.52335572,1,0
6319,21.86836765,1,5,8,75.73034854,3,0
5043,21.87401106,2,4,19,82.14421149,4,1
7803,21.91671228,2,1,7,52.55778575,1,1
678,21.91829994,1,5,19,80.04429911,2,0
4279,21.91917082,1,5,2,84.27650841,1,0
8443,21.94413975,1,5,20,81.97401771,1,1
3492,21.94833222,3,1,20,84.49620939,3,0
8567,21.96144953,1,3,4,76.68913849,1,1
2724,21.99654138,3,5,1,71.52634055,0,0
4048,22.00178767,1,5,24,77.99011731,3,1
9837,22.03352145,2,4,21,75.01644938,1,0
1538,22.03608378,2,2,4,76.24839728,2,1
6619,22.04830651,2,5,18,70.70486232,1,0
469,22.04929627,3,2,13,83.7799466,2,0
587,22.05571782,2,5,7,83.0526828,5,0
5008,22.06302555,1,4,19,59.31383127,1,0
8915,22.06638888,1,5,24,89.05502751,1,1
7994,22.06666145,1,2,18,49.439779,1,1
7542,22.07485351,3,3,20,73.27232334,2,0
1498,22.07628468,2,4,14,71.92651419,2,0
5560,22.0800707,1,5,11,95.05731558,2,0
7512,22.08833199,3,5,10,52.38668453,1,0
7661,22.09807577,1,4,17,66.11201644,0,1
6368,22.09977349,1,2,4,83.85369544,2,0
6280,22.10018425,1,5,13,74.32208858,1,0
3661,22.1169657,3,5,19,73.2562487,4,0
3301,22.12083335,1,5,21,60.15260425,2,0
9728,22.12571311,1,2,9,71.49752698,2,0
2772,22.12730884,1,4,16,79.01948326,2,0
649,22.14331816,1,4,8,68.79454547,4,1
3004,22.14380715,2,4,15,85.95024046,1,0
6120,22.14419418,1,5,6,81.54350186,2,1
3615,22.17417102,2,5,3,85.27618266,4,0
4968,22.17445418,1,3,2,75.9701167,4,1
8431,22.18745742,2,2,15,79.58221405,0,1
9413,22.19816999,1,2,12,72.24235314,2,1
4137,22.20337942,3,4,9,71.30345498,3,1
7446,22.20523004,1,3,19,75.28761045,3,0
8063,22.20843873,1,5,14,77.65602192,2,1
9151,22.22356738,2,4,24,71.02650895,2,1
4585,22.22902997,1,2,14,66.23197855,2,0
6143,22.23239601,1,3,18,85.41804825,2,1
2953,22.23580179,2,1,17,60.18505413,0,1
3411,22.2383011,2,5,12,66.11597143,3,0
3751,22.24932633,1,5,21,69.92520334,2,0
2094,22.24942667,1,4,14,92.1213826,4,1
1394,22.27048083,3,5,8,64.72948029,4,1
3849,22.27152034,1,4,6,75.76992371,2,0
3114,22.28722928,3,4,21,96.16595485,0,1
5145,22.28987546,2,5,16,57.20301747,2,0
9221,22.30346565,1,4,21,81.30099197,1,1
6429,22.3133361,3,3,6,48.65144259,2,1
3233,22.31745581,3,3,18,67.94434369,2,0
5835,22.32317262,3,4,7,78.67950681,1,1
7640,22.34763105,2,2,18,82.93591795,6,0
7202,22.35138142,2,2,15,73.048916,2,0
2906,22.3578651,3,5,13,84.89959162,2,1
3759,22.35875935,1,4,12,74.04895145,1,1
925,22.36772295,1,2,20,71.29162254,2,1
1236,22.38073355,1,4,18,65.31927834,2,1
8350,22.3981296,1,4,3,60.21770653,0,1
6093,22.42107825,2,2,6,78.72722949,3,0
4967,22.43919035,3,5,5,76.7978608,0,1
5625,22.45022197,1,5,22,64.54701343,1,1
8588,22.45054158,2,4,12,68.70932231,4,1
3446,22.45476735,1,2,2,60.62702375,3,1
2571,22.45562048,1,5,2,66.4622584,1,1
154,22.45853524,2,1,21,85.44550803,2,1
6002,22.4591649,1,5,3,80.99232698,2,0
7433,22.47605475,1,4,5,84.65830068,2,1
2291,22.48259001,1,3,14,81.93518534,3,1
5652,22.4827037,1,5,22,61.74281664,4,0
3986,22.49336606,2,5,15,70.24755446,4,0
6389,22.5184438,1,5,12,57.21448584,3,0
4422,22.51989477,1,3,12,71.26628704,1,1
3137,22.52143555,2,3,17,61.74138834,2,0
2719,22.52764387,3,4,4,78.3872356,3,0
9169,22.53102608,1,5,3,94.50107003,4,0
7054,22.53621969,2,3,1,68.69341264,1,0
1610,22.54816286,2,3,24,81.98651569,1,1
8764,22.56081222,1,2,8,76.71408483,2,1
9519,22.56306672,3,4,10,68.88983354,1,0
4834,22.5640584,2,3,23,77.20898046,1,1
4101,22.5827625,1,5,24,72.29331303,5,1
8188,22.58334915,2,2,12,61.53205532,0,0
3200,22.58593036,3,5,7,92.60794577,1,0
6106,22.58613888,3,5,19,76.30410651,1,0
2500,22.59849136,3,3,14,69.9742361,1,0
520,22.61506116,2,5,8,62.72849624,1,1
2318,22.61664602,2,3,6,60.54108066,2,0
3086,22.62446602,1,5,21,62.23044367,3,1
7778,22.63520114,1,5,20,79.43218708,0,1
9283,22.63643535,1,4,19,70.55883081,2,0
2507,22.6381845,1,5,24,85.74782165,0,0
6160,22.65664959,1,3,1,66.91344154,1,1
4206,22.65839977,2,2,24,80.33825431,3,1
3023,22.66209158,1,4,12,48.17376889,1,1
1343,22.68950362,1,4,23,79.30118229,0,0
9662,22.69020658,2,5,13,70.97108825,2,1
6027,22.72600352,1,5,20,73.36869489,1,0
6150,22.73639987,2,5,24,71.13650622,1,1
9543,22.74067888,1,5,14,73.17203448,4,1
2835,22.74595379,1,3,15,77.70438668,0,1
5169,22.74920063,1,5,18,77.48842845,2,1
3723,22.7736141,3,3,13,63.24599317,5,0
987,22.77708362,1,5,8,84.69844155,1,1
508,22.77764702,1,5,17,68.38465424,0,0
5999,22.83706247,3,2,9,97.94359507,5,1
9505,22.86604172,1,4,23,72.82797707,2,0
1136,22.86821877,3,4,3,54.86385421,2,1
3773,22.86900884,2,2,23,81.71189206,2,0
9089,22.87920744,2,3,11,79.48648484,1,1
3673,22.89641771,2,3,6,88.97490568,4,1
3082,22.91290539,1,5,7,71.88305111,1,1
4661,22.91295057,2,4,16,70.61585394,3,1
9557,22.9393207,1,5,19,77.19520901,4,1
6274,22.94041053,2,4,14,63.76760068,2,1
1504,22.94720731,2,2,7,82.51311049,1,1
7958,22.95033281,1,4,23,82.86396837,3,0
5359,22.96558317,1,5,13,69.50952866,3,1
2618,22.97245944,3,1,15,74.35352194,2,1
7453,22.97726712,2,5,1,58.5112523,0,1
266,22.98971566,1,5,19,78.07209198,3,1
7062,23.00749129,3,3,11,83.34667802,1,0
4744,23.01898374,1,5,12,87.99963164,3,1
243,23.02002823,2,3,24,103.6302101,1,1
9526,23.02732773,3,5,16,66.41399829,2,1
6859,23.03472544,1,2,24,77.19440126,3,1
6575,23.04336339,1,5,19,81.91230717,4,0
2228,23.05151143,1,4,12,72.54045002,3,1
7364,23.05156443,1,5,4,64.05167916,1,0
1134,23.08164501,2,5,12,67.27512384,3,0
2549,23.09557321,1,2,21,70.19253946,0,1
9595,23.0980859,2,5,1,84.34299246,0,1
3028,23.10501494,1,5,10,68.25514031,1,0
4598,23.10830852,1,2,24,61.27709199,4,1
2002,23.11278451,2,2,23,83.99488429,1,1
5807,23.11605255,1,5,22,62.65352338,1,0
6381,23.11839547,2,5,18,61.24920398,0,1
1349,23.15162131,1,5,10,69.27058982,4,1
9668,23.16109184,1,5,6,77.5962216,2,1
6301,23.16317174,3,4,9,63.04940664,2,0
6825,23.17986487,1,2,15,92.11792348,0,0
7476,23.18531383,2,5,24,73.76380611,1,1
1700,23.19376656,1,5,11,75.95117534,2,0
1624,23.1976921,3,3,13,87.18466873,2,0
3892,23.19914553,3,4,19,75.01770432,3,0
4512,23.20418671,2,5,16,74.44198771,2,0
6304,23.20523906,1,5,5,65.66765946,2,1
8083,23.21498448,1,5,10,78.72084003,2,1
6955,23.22012465,1,4,5,51.61807613,4,1
481,23.23846603,2,2,19,85.49850611,3,0
3925,23.24742404,2,3,17,59.26565293,2,0
8556,23.26801651,2,3,11,74.501372,2,1
957,23.27745615,3,5,1,66.59969685,3,1
1810,23.27878893,1,5,20,74.33795577,0,0
8605,23.29152839,2,2,12,82.14997523,1,1
1258,23.30006258,1,4,11,72.77453764,4,1
6678,23.30363104,2,2,13,77.44100548,1,0
8782,23.30603375,1,4,17,91.59638853,4,0
6121,23.32338203,1,5,15,79.6932457,0,1
3602,23.33077941,1,3,23,85.64500658,1,1
3739,23.34039227,1,4,7,81.25917057,2,0
1684,23.34351997,2,3,4,70.83377023,1,1
4483,23.35132177,1,2,19,83.88439431,1,1
4278,23.36018765,2,4,17,77.58506027,4,1
2317,23.39267325,3,2,8,85.02060906,2,1
6617,23.39754859,3,5,12,80.159975,3,1
1032,23.3986769,2,3,18,65.72961781,1,1
6703,23.43031473,3,5,2,71.30634307,5,1
7867,23.45142671,3,1,1,69.23752229,2,0
8191,23.45189163,3,1,24,68.19239187,5,1
8210,23.45289495,1,4,6,80.8222225,0,0
234,23.46315251,2,5,8,66.14156945,2,1
6409,23.46707566,1,5,24,92.11694414,2,1
1285,23.48069695,2,5,13,81.10867633,1,1
7682,23.48414437,1,2,13,74.75779873,3,1
3711,23.48433871,1,5,8,69.00654428,3,1
5872,23.49869859,2,5,18,73.46212575,3,1
3635,23.52837613,3,4,12,65.68757811,0,1
7959,23.53125192,2,5,9,86.11217742,1,0
3329,23.54106066,2,5,15,71.37941695,1,1
645,23.54445832,2,5,21,69.58154777,2,1
5944,23.55430922,3,5,17,82.31058119,0,0
8176,23.55699317,1,3,6,73.88370525,1,1
6196,23.56292904,1,4,2,94.26861875,2,1
178,23.56324727,2,4,17,62.46954429,3,1
5763,23.56404161,3,4,9,97.27156562,4,0
1859,23.56475781,1,2,9,74.90878403,3,1
8551,23.56961299,2,2,15,84.18581175,3,1
3536,23.58819728,2,5,3,55.945384,1,1
2031,23.59094542,2,5,20,70.72647444,0,1
3489,23.59119437,3,2,14,78.58666664,0,1
2386,23.6173584,1,5,15,73.62359739,2,1
2923,23.62397403,3,1,9,67.83616788,3,0
3368,23.68043953,1,5,14,67.62871266,0,0
2027,23.69718884,1,4,16,81.36075968,1,1
8119,23.70262542,1,5,24,74.74484033,1,1
6598,23.70740706,2,1,4,62.42634501,0,0
9605,23.75744443,2,4,15,65.36510042,2,1
5304,23.75749492,1,5,24,81.71844917,4,0
2927,23.76076125,2,5,18,69.75325121,2,1
2418,23.77567027,3,2,24,67.25861833,5,0
5032,23.77949846,2,4,11,87.07945466,1,1
3601,23.78039551,2,4,18,75.63155974,1,0
8616,23.78642172,3,5,7,79.14880453,3,1
1060,23.7934711,3,5,2,68.56141406,1,1
4857,23.83860535,2,4,23,75.12289714,4,0
3031,23.84373701,1,5,24,84.94552666,2,1
9701,23.84960009,2,5,20,78.06886642,1,1
854,23.85009397,2,5,20,95.22899016,1,1
6700,23.88136907,1,5,15,50.7332739,0,1
3012,23.88212042,3,3,21,82.03779472,3,1
9539,23.88942674,1,5,22,73.13639667,0,1
8245,23.89243973,1,5,14,84.16187949,2,0
2751,23.89432142,1,5,9,83.52694488,0,1
6197,23.89955587,3,3,18,68.25072235,0,1
2540,23.90111287,1,3,7,67.57852414,2,1
8929,23.9234288,3,2,8,62.9766444,2,0
7903,23.9366194,3,2,4,83.71871435,1,0
6509,23.94079733,1,2,3,70.03241531,2,1
6962,23.94555485,1,5,8,81.78324131,2,1
601,23.94624105,2,5,23,83.83690294,1,1
3817,23.94802553,2,2,19,82.03893759,1,1
855,23.95194322,1,5,1,88.60681552,3,0
8122,23.95312473,1,2,7,88.70062359,2,1
6928,23.95649514,2,5,14,64.43076776,1,0
9192,23.96618355,2,3,20,75.88452133,2,0
6817,23.96972724,1,3,18,83.88280242,0,0
7785,23.97920277,2,5,5,91.96546271,2,0
7230,23.98675834,3,5,19,59.34642623,4,0
4965,23.9893255,1,5,10,58.30312104,2,1
488,23.99659741,1,5,24,80.82016981,1,1
9153,24.00072425,1,2,3,91.23235052,3,0
4633,24.00325363,3,5,20,80.57169825,1,0
7165,24.00603328,1,2,5,67.63290962,3,1
1107,24.01540299,1,5,19,83.03112317,0,1
7243,24.0251182,2,3,12,78.38138415,4,1
7500,24.04626905,2,3,20,84.13356607,1,1
700,24.04683468,1,5,13,70.46054157,1,0
7548,24.04716836,1,5,21,71.5009522,2,1
6704,24.04853651,2,4,22,92.72318673,5,0
6162,24.06667908,1,3,12,81.42037798,2,1
4096,24.07179026,2,3,20,73.48047253,0,1
6713,24.07435601,1,2,16,72.48019232,1,1
3582,24.08619969,2,5,2,80.13773692,2,1
1605,24.09746199,2,2,19,65.73647483,2,0
491,24.09920684,3,3,3,64.6430258,2,0
8629,24.10104999,3,5,16,62.84501628,3,1
3185,24.10635565,2,1,20,93.08018601,3,1
1395,24.11713061,1,5,9,69.2901227,1,1
5374,24.1199225,1,5,20,68.08618451,3,1
3069,24.13065192,1,5,21,81.83696639,4,0
9794,24.13659519,2,5,20,73.21295738,3,0
7341,24.14158648,1,4,21,60.34115755,2,1
6479,24.14777321,1,3,8,87.91411834,2,0
4979,24.15114465,1,5,14,87.0062027,2,1
8939,24.15184782,1,4,8,90.34728986,2,0
1175,24.16002095,3,5,24,69.6691109,1,1
8598,24.18536761,2,5,12,66.29585594,2,1
3956,24.1937373,2,5,20,82.25733516,3,0
9109,24.22995652,2,1,24,67.76132599,2,0
4492,24.23160339,1,2,13,87.46397666,1,0
5003,24.2332385,1,4,2,81.80977298,4,0
6019,24.25067203,1,4,9,74.5123975,3,1
4319,24.25195965,1,5,22,62.78904461,2,0
2948,24.26197149,2,4,11,80.36463004,2,1
6579,24.27351927,1,2,13,73.59818645,0,0
1829,24.28376573,1,4,15,74.40437105,0,0
3396,24.28698135,3,4,18,96.8156091,2,0
8926,24.31270731,3,2,19,85.77261064,3,1
2295,24.31869689,1,4,6,77.79562802,0,1
9485,24.33539214,1,5,23,92.58079923,3,0
7616,24.34730377,1,5,21,86.34928522,2,1
4188,24.34890444,3,3,1,75.66920358,1,1
4161,24.34997313,2,3,11,76.8261769,1,1
1145,24.36151847,2,2,1,66.83559052,3,0
6588,24.37033271,1,5,10,74.06907702,2,0
5694,24.38291142,1,3,5,82.25479522,1,0
3522,24.38658452,2,2,17,72.5175042,1,0
3063,24.39405678,2,2,22,76.54678797,2,0
96,24.39498965,3,5,8,63.26155365,0,1
641,24.4115068,1,3,11,79.38282807,2,1
1388,24.41182482,1,4,12,72.36777846,2,0
9354,24.4254839,2,3,9,75.45086842,3,1
5735,24.44115845,2,5,9,73.27612335,2,1
8441,24.47008793,3,1,23,71.32056319,2,1
1642,24.47638901,1,5,5,71.79464079,3,0
6045,24.48288738,1,5,14,72.07187498,2,1
8997,24.49018669,1,4,11,90.23404636,0,1
3038,24.4938545,1,5,4,57.66855521,2,0
8433,24.5048418,3,5,1,85.99386369,3,0
2795,24.52973837,1,5,2,68.01657929,3,0
7386,24.53596721,1,5,4,81.91120084,2,1
8415,24.53677421,3,5,23,85.91498573,3,1
8586,24.54121242,1,5,8,61.80451099,2,1
7234,24.54739911,1,5,9,67.62099355,3,1
2526,24.5685257,2,5,21,81.61388731,1,0
2224,24.5699283,3,4,16,82.0604637,2,0
7168,24.57976829,1,5,8,77.05659662,1,1
7928,24.58478363,2,1,20,57.48652945,2,0
9468,24.58829704,1,5,23,74.07522778,4,1
2152,24.59641825,1,5,23,80.14732554,1,0
4918,24.59685335,3,1,19,64.70520209,3,1
8877,24.60207604,2,5,2,68.77587232,3,1
3479,24.62345631,1,4,23,84.53227414,1,1
8610,24.62567446,1,5,23,75.22221897,0,0
9612,24.64653002,3,1,9,72.74347184,2,0
1142,24.65888714,1,4,23,62.66733591,3,1
2701,24.6590966,1,5,10,76.29731521,1,1
1046,24.69020085,2,3,1,77.93494168,2,1
5167,24.70261843,1,5,19,62.53095036,2,0
2728,24.72712558,3,2,23,72.48149974,4,1
7356,24.73098768,1,5,3,78.99283949,5,1
30,24.74490868,3,5,17,79.61184579,3,1
2320,24.75047744,2,3,19,75.52801836,4,0
4076,24.76125039,2,5,12,69.13352182,3,1
2208,24.7674821,1,5,13,92.06348532,2,1
4745,24.77248895,2,3,19,81.27131481,2,0
9337,24.80055916,3,1,11,72.79928677,3,1
309,24.80614339,2,3,8,78.17221264,2,0
6177,24.81188782,2,3,20,86.21460446,3,1
5670,24.82569923,2,1,1,88.24527199,0,1
777,24.83928103,1,5,4,64.8225427,4,0
5613,24.84398281,3,5,12,77.7793973,3,1
2984,24.85749967,1,4,15,62.2587971,1,0
9587,24.86310626,2,1,21,76.6734667,2,1
7404,24.86596289,3,3,14,85.4626153,3,1
2042,24.86617649,3,3,20,70.54078342,2,1
4186,24.89867769,1,5,9,52.83556481,2,1
8785,24.90150343,3,5,24,78.70715118,0,1
738,24.90207347,1,5,11,68.28614658,1,1
617,24.90231008,1,4,17,70.01375076,3,0
4709,24.9071962,2,2,2,66.47509547,1,1
6940,24.91235145,3,3,1,69.93815603,4,0
6205,24.91860172,2,3,3,66.23167263,2,1
5891,24.92129675,1,4,9,86.67606932,3,1
4762,24.93655963,1,3,3,88.65338,4,1
2011,24.95327764,2,3,6,79.92876137,1,0
2494,24.9549274,2,5,24,97.98857741,5,0
7632,24.95664461,1,4,17,84.67880284,2,0
6888,24.97274764,2,5,20,72.91208961,5,1
1218,24.97820093,2,3,13,75.0137562,1,1
1177,24.99410588,2,5,19,82.3172516,0,0
6330,25.0148726,1,5,7,68.97071004,0,1
6555,25.04376704,1,5,7,76.47434144,1,1
2427,25.04792453,1,4,17,74.03334637,0,0
8206,25.06770269,1,5,24,88.20043814,3,1
9097,25.08329814,3,5,8,81.64201657,2,1
927,25.08562026,2,5,21,55.6621223,3,1
9819,25.09202905,3,5,19,69.32291097,3,1
9827,25.10759852,3,5,10,77.55565604,3,1
7432,25.12254101,1,3,7,67.05685808,0,0
7669,25.13704297,2,5,11,84.12925572,2,0
5420,25.14506678,2,5,19,76.38773854,2,0
8633,25.14691571,1,5,18,90.87574208,2,0
167,25.16758619,2,5,16,58.48265424,3,0
1045,25.18274332,3,5,6,74.16022694,1,1
9484,25.25194965,2,5,3,65.06212974,1,1
1202,25.25263847,1,5,10,64.09830074,2,1
7685,25.26436128,3,4,12,83.48912773,2,1
9972,25.26997435,1,5,11,74.57885451,2,1
4027,25.27443216,2,3,23,79.81108738,3,0
3930,25.28385718,1,4,24,65.57177892,3,0
691,25.2943849,1,5,2,64.52177894,3,1
7532,25.30189114,1,5,14,57.29193084,5,1
77,25.31098009,1,5,24,86.35591397,0,1
3430,25.31590742,3,5,6,77.55770792,1,1
31,25.319576,1,3,1,85.40746075,1,1
7222,25.32388481,2,3,12,93.56243457,1,1
1061,25.32504445,2,5,10,84.67671869,0,1
2611,25.33122491,1,5,21,88.00788626,2,0
6902,25.33470551,1,5,24,78.7299017,4,1
6905,25.33878328,1,5,21,56.66420976,4,1
2457,25.3406685,1,2,13,73.61133529,2,1
713,25.34263761,1,5,18,62.79131504,1,0
6173,25.35193538,1,4,22,68.79200362,1,1
7194,25.3533409,3,1,3,97.98417831,2,1
6312,25.36139446,2,5,10,78.97447019,1,1
4223,25.39032763,2,4,24,70.84006821,3,0
9577,25.39358098,1,5,1,60.13952683,0,0
2339,25.40685211,2,4,4,67.02520973,3,1
3340,25.40757415,1,3,19,81.16910689,4,1
5863,25.42907334,1,2,19,92.40213798,1,1
5156,25.43451898,1,2,11,69.20879506,4,1
3397,25.45929422,2,5,7,78.39143302,3,1
4774,25.47156879,2,5,8,82.9762062,3,0
3610,25.47207559,1,4,19,77.60607787,1,0
8163,25.47250706,1,4,17,65.57099395,0,0
5225,25.48237841,2,4,22,87.17263212,1,0
8999,25.48823364,1,5,20,84.99746653,2,1
6030,25.49156737,1,4,6,90.80331519,2,1
7452,25.50002164,3,5,6,62.79524847,2,1
6023,25.50154004,3,3,4,78.12350428,3,1
3307,25.50480386,1,5,18,63.91341579,0,0
9811,25.5274797,1,4,13,68.96736904,3,1
9167,25.53130808,1,3,13,57.62360864,3,1
972,25.54757049,1,5,24,89.92886968,1,0
4536,25.54868155,2,2,22,82.91623862,5,1
4561,25.55759232,2,3,14,77.86410023,5,0
6784,25.56773308,1,5,15,72.37808468,0,1
5512,25.58145677,1,2,10,80.64590533,1,1
7459,25.6040262,2,5,12,62.44172488,2,1
7695,25.6116508,2,5,6,84.86046132,2,0
3431,25.62714478,2,5,4,72.657157,2,0
351,25.63461929,1,5,24,67.71385195,4,1
3415,25.64122794,3,1,9,74.53368672,4,1
8700,25.64921806,1,5,23,69.77312826,3,0
4478,25.65042185,2,5,3,66.72035403,2,1
1381,25.65505366,1,2,13,64.9241575,1,0
5454,25.65526518,1,5,8,54.73120716,2,0
4025,25.67027418,2,2,18,84.14807974,2,1
8136,25.71618277,1,5,17,72.47019365,2,0
6488,25.71679872,3,4,8,59.88462862,1,0
8672,25.73370976,1,3,21,98.30111559,2,0
5748,25.73622635,1,2,18,58.03372916,3,1
8074,25.7384326,1,5,12,88.33477223,3,0
3385,25.7385582,2,2,20,67.73396404,0,0
7639,25.74570476,3,5,24,69.85026851,4,1
3223,25.75907701,1,4,12,80.99991624,1,0
646,25.76031992,2,2,22,68.18864019,1,1
5627,25.7639394,3,4,9,68.46587945,2,1
9670,25.76619497,2,4,17,73.07361466,0,0
1839,25.77128627,2,5,12,72.10431106,4,1
2462,25.77667356,2,1,23,83.26532816,1,1
2559,25.79499959,1,5,23,90.21819275,0,1
3869,25.80878309,3,4,13,62.96951634,1,1
6097,25.80951454,2,4,22,75.88796838,2,1
6166,25.82019218,1,5,4,76.35242163,1,1
321,25.82148746,1,4,18,86.61889104,3,0
689,25.82423502,2,3,20,87.96173805,1,0
7706,25.85142873,1,5,6,67.0965619,2,1
8018,25.85276738,1,2,15,75.04205778,2,1
6658,25.87051201,3,2,19,80.98216423,3,0
1316,25.90410145,2,5,24,72.71931069,1,0
3667,25.90888977,1,4,14,82.96848804,1,0
4122,25.92196185,2,2,22,58.9433089,3,1
5033,25.92811503,2,4,20,74.54111313,2,1
3077,25.94063901,2,3,17,75.53454249,1,0
7437,25.94196401,1,4,11,69.3188966,3,0
7014,25.9570802,1,4,8,80.86740147,1,1
3545,25.96004666,2,4,14,76.94392496,2,0
2754,25.9918199,1,5,4,55.15231428,1,1
9629,26.01044712,2,2,2,74.48011195,0,1
7820,26.02318815,2,5,21,74.89694278,1,1
2889,26.03529521,1,5,22,67.31089133,1,1
6374,26.03614131,1,3,15,84.05996993,0,1
2009,26.04211618,2,3,13,85.56049207,2,1
7679,26.04370471,1,5,6,76.30300445,1,1
4919,26.05878549,2,5,13,73.23190499,1,0
1102,26.06002896,3,5,2,73.65574164,2,0
5882,26.08724838,3,4,16,71.29945233,4,1
5608,26.09049236,1,5,18,68.20196558,3,1
9894,26.09764378,1,5,2,93.0727592,4,1
9890,26.09790947,2,2,8,77.36120048,1,1
9625,26.10225089,3,5,12,58.88605726,2,1
2032,26.10540356,3,5,10,86.74741778,2,1
4961,26.11053078,1,2,13,63.70713025,4,1
4117,26.11704557,1,5,3,74.76736558,2,1
5852,26.11919854,1,5,16,63.78301543,2,1
9583,26.12139339,1,4,10,62.73742587,4,1
3695,26.16256677,1,5,11,52.75120826,3,0
3037,26.17370644,1,5,24,70.4832679,3,1
750,26.18102908,2,5,6,51.35476045,2,1
4449,26.18311323,2,3,3,83.02572706,2,0
6882,26.18787532,2,3,3,81.49713352,5,1
6624,26.20410156,1,3,4,67.80894667,4,1
682,26.20919776,3,2,18,77.42300261,0,1
6470,26.21769308,1,2,15,77.66927728,0,0
8575,26.22712342,1,5,4,87.8042284,1,0
7249,26.24158414,1,5,19,75.94584368,2,1
5611,26.25811509,1,4,8,98.03431136,1,0
436,26.26452287,1,3,13,89.56286437,2,1
2518,26.28297377,1,4,9,79.91827444,4,0
4144,26.28307485,2,5,1,69.30307138,2,0
281,26.29522539,1,2,13,83.66621236,4,0
544,26.29701513,2,1,1,83.24064067,2,1
7058,26.3046823,2,4,3,69.45760136,3,1
249,26.31253719,2,4,3,64.08056834,2,0
5248,26.31784377,2,4,20,61.59146616,0,0
3579,26.32425224,2,1,18,76.76187333,2,1
823,26.34987451,1,5,9,66.78862701,0,1
5233,26.35614167,3,4,20,85.91509614,3,1
4301,26.36250337,1,5,4,75.57976435,2,1
258,26.37772156,1,5,11,83.03740749,2,0
5350,26.38436085,3,2,8,73.3058885,4,1
4044,26.38972918,3,5,19,84.40854496,2,0
5637,26.39690791,1,5,24,55.04770134,0,0
3833,26.40695922,2,3,11,62.47168231,0,1
7612,26.43287002,3,5,11,68.50868088,1,0
5892,26.43401584,2,5,7,60.89934244,5,1
9965,26.43796466,1,5,9,84.00159295,1,0
5725,26.4427312,1,2,2,76.58149019,2,0
842,26.44790896,2,5,14,67.5195241,2,1
839,26.45583741,1,5,2,64.27287601,0,1
5059,26.45636563,3,5,4,68.78152359,5,0
6731,26.47687465,3,2,17,95.51491604,0,0
1159,26.52920686,3,4,19,59.69455491,5,1
9228,26.54096601,2,3,14,83.76803425,3,1
5488,26.54528095,2,4,7,64.71927242,1,1
4948,26.56033822,1,5,8,44.12316355,3,1
8232,26.56415867,2,4,17,64.14032596,2,1
6620,26.5799515,3,3,7,74.94621609,0,0
4647,26.59203898,1,4,17,77.909749,1,0
660,26.59809261,2,2,19,72.18791406,4,1
5010,26.6216599,1,4,13,85.26762148,3,1
5076,26.62955427,2,5,15,66.88008512,2,0
4784,26.63615836,1,5,2,66.26839496,1,1
8138,26.64390924,3,5,2,74.25239043,1,0
7885,26.65046538,3,5,21,81.78383993,5,0
5056,26.66059304,1,5,10,84.79457054,1,0
1083,26.66414981,1,5,4,78.41876451,4,0
9154,26.66805514,2,1,8,74.19904361,6,1
6189,26.67907258,2,1,10,65.59370534,5,0
3666,26.69225121,1,4,19,82.5918514,1,1
5836,26.6956666,1,2,16,63.41370244,1,0
779,26.69595777,3,5,5,66.1806111,1,1
8330,26.71710974,3,5,24,76.22836512,2,0
3237,26.72572348,2,4,11,68.42965288,1,0
1863,26.73040557,2,2,16,81.01843836,1,1
2063,26.74914612,2,5,4,48.6522805,1,1
3801,26.75903487,3,5,11,86.51842216,3,1
1733,26.76432498,1,5,21,66.78242348,4,1
5246,26.76521008,1,5,4,88.52608062,3,0
8112,26.79542834,3,5,24,84.51922605,2,0
1108,26.79783516,3,5,2,69.25994238,1,1
450,26.79807774,1,3,7,69.96909853,1,1
5886,26.80137377,2,4,11,67.20184797,2,0
7280,26.80251088,2,3,18,60.2543129,1,1
787,26.8077821,3,5,1,70.3010104,1,0
5942,26.81611343,1,3,3,80.60608194,1,0
2650,26.83691146,2,2,24,57.46772342,0,1
9985,26.83893072,2,5,21,72.50064238,4,1
9380,26.85706432,3,1,22,58.87655075,3,1
891,26.88153337,1,2,5,76.96930745,1,0
4504,26.88347143,1,5,3,70.84772937,2,0
5210,26.88464861,1,5,14,94.83486063,3,0
8626,26.88540245,3,4,19,79.29828511,3,1
6201,26.88761904,1,5,22,65.36061567,3,1
254,26.90939838,3,5,15,62.96610382,2,1
1958,26.91167738,1,3,20,72.99791276,2,0
1409,26.91831411,1,5,11,71.84790139,2,0
8522,26.91904542,1,5,12,66.74035217,2,1
5050,26.92742093,1,5,14,72.96585024,2,0
1994,26.93038145,1,3,15,88.47144625,4,1
7463,26.93039158,2,5,4,62.92589963,2,1
3612,26.93052626,2,5,24,65.16876248,0,0
8909,26.93599366,3,1,20,77.25145761,0,1
8722,26.9436368,1,5,7,62.5932788,4,0
2537,26.95954189,3,5,6,72.4284376,3,1
4351,26.96901026,2,2,17,75.120427,2,1
7586,26.98329653,1,5,15,81.42111425,1,0
7525,26.98919136,2,4,8,79.33916966,4,0
9172,26.9957613,2,3,2,89.37005825,2,1
7881,26.99583872,2,5,12,95.2175876,1,0
1990,26.99676645,1,3,4,78.75468709,1,0
118,26.99690696,2,1,20,71.26550743,2,0
7136,26.99696014,3,5,4,73.51886055,3,1
8870,26.99705697,1,4,10,68.38485371,1,0
5986,27.00462726,2,5,7,87.82554195,1,0
8948,27.01404638,3,2,8,62.39703583,3,1
6210,27.02115054,2,3,20,71.47441821,3,0
1127,27.02305935,1,5,23,69.71067866,3,0
1731,27.02635768,1,5,11,88.92349214,3,1
5404,27.03422667,2,5,14,84.61865597,0,0
8141,27.05548721,1,4,12,65.32061477,0,1
2413,27.06738323,1,5,17,69.40224086,1,0
5930,27.07287519,1,3,24,72.86346048,1,0
6258,27.08313813,3,3,6,82.10801362,1,0
9156,27.09253482,1,5,23,68.43056762,3,1
872,27.11030548,1,3,14,66.49695187,1,0
6458,27.11422102,3,3,19,69.44430738,1,0
7041,27.11658052,1,5,15,86.72164987,0,1
1118,27.12953936,1,5,5,53.44557853,1,1
8613,27.13796945,1,3,24,66.33962539,3,1
1481,27.13975115,1,4,12,68.75831835,6,0
9390,27.14568618,1,5,21,80.35199928,0,0
4766,27.15030733,3,5,10,80.53286473,0,0
340,27.16721204,2,5,17,72.68708777,1,1
7012,27.17091577,2,1,23,77.02482383,1,0
2976,27.17328412,1,5,3,73.30120479,4,0
335,27.18412084,1,2,16,80.66187571,1,0
6184,27.1876669,2,5,7,78.13340744,7,1
8922,27.1989018,2,5,14,80.05437577,2,0
2869,27.21102136,3,5,6,92.25751607,3,0
2994,27.21733895,2,4,20,96.47026312,0,1
7323,27.232648,1,4,10,50.51367781,1,0
6444,27.2330768,2,5,6,62.31022202,2,1
1304,27.25177225,1,4,11,73.61219576,1,1
589,27.25588743,1,5,9,80.01281537,1,1
9004,27.25822511,3,3,2,71.92544021,0,0
6387,27.26867724,2,3,7,98.98416561,3,1
4620,27.2727287,3,5,18,79.9339391,0,0
6533,27.28558222,1,4,22,69.75032919,2,1
2148,27.31874646,3,4,21,77.94438667,0,1
8189,27.31956369,3,1,9,83.54979359,3,1
4148,27.322836,3,5,12,83.37857019,2,1
8908,27.32788774,1,5,3,69.5847645,0,0
2142,27.33311529,3,5,10,73.91744026,1,0
4280,27.34433581,1,4,17,54.1194337,2,0
444,27.34830281,1,4,24,90.24824312,2,0
6591,27.34958754,2,3,8,61.52818455,0,0
5820,27.37558058,3,5,15,90.48983103,2,1
320,27.37878038,1,4,9,90.37816296,1,1
5168,27.3874337,1,5,6,84.68526006,1,0
7188,27.39124318,2,5,14,73.73786607,2,1
5343,27.40774088,3,4,22,72.09879447,2,1
661,27.4169535,1,5,4,66.24225309,3,0
5615,27.43734029,1,5,2,64.00015739,0,0
8045,27.47368213,2,1,4,63.34197547,2,0
2337,27.47866597,1,3,12,69.33173218,4,1
6543,27.48125379,2,5,10,78.77628625,1,1
8645,27.48189412,1,5,17,83.48098432,1,1
1804,27.48788269,1,5,22,61.31965639,6,0
4797,27.49495346,3,4,20,75.40527902,3,0
332,27.51194409,2,1,18,73.59750373,0,1
8538,27.52165459,1,4,5,77.34444909,0,1
4364,27.54356808,3,4,3,71.91519093,1,0
2505,27.54631659,3,5,16,66.14511293,0,1
5213,27.57052683,2,2,15,83.81332833,3,0
889,27.57053574,1,5,21,69.34660865,2,0
6240,27.59115246,2,1,12,83.21392407,3,0
6851,27.59667004,2,5,11,75.27337369,0,1
7454,27.60101372,1,4,13,67.98600732,1,0
968,27.61989759,1,5,24,91.98960559,2,1
1999,27.62720981,2,2,24,87.33572057,1,0
7240,27.6473864,2,3,1,52.60335562,1,1
6642,27.65692675,1,5,9,75.5769446,1,0
1985,27.65862945,3,5,22,76.65276414,1,1
6042,27.66066798,1,5,18,62.23937797,6,0
7521,27.67270067,2,3,24,73.93478875,1,1
8087,27.68184592,1,5,17,67.77363537,3,1
9776,27.6856501,2,5,22,67.71498278,3,1
3560,27.69150309,1,5,18,66.60614178,1,0
9740,27.69255302,1,5,7,68.75984545,1,0
6820,27.69652351,1,5,9,81.14925393,2,0
9114,27.70408247,1,3,14,89.80191444,0,0
8379,27.70530547,3,5,19,85.87453178,2,1
1607,27.70698709,2,4,13,62.19979374,1,1
4088,27.70883311,3,1,19,91.71113167,5,0
8744,27.72111975,2,5,11,81.37452883,1,0
9477,27.73648702,1,5,23,77.08877771,0,1
7003,27.74217631,3,2,4,75.43042935,0,0
1750,27.74694744,2,4,17,80.97746775,3,1
5543,27.7549188,2,2,1,78.81225724,0,1
3470,27.77468378,1,4,14,76.99621731,3,1
5336,27.77945778,1,5,7,67.40138727,2,1
4246,27.78658612,2,4,13,85.07887363,1,1
5453,27.80546491,2,5,17,81.21156032,1,1
3491,27.80731477,1,4,20,71.85483882,2,0
8623,27.81058335,2,5,9,72.83373237,2,0
5423,27.84788269,3,5,22,72.5657646,4,0
7758,27.85211773,1,5,7,90.62641557,5,1
2562,27.85514578,1,5,14,73.75167828,1,0
8811,27.85615789,2,3,7,70.23000891,0,0
9501,27.8773098,1,3,16,62.34382204,0,1
7368,27.88733057,3,3,5,71.63698477,3,0
438,27.89938359,3,2,16,81.74471178,2,1
7223,27.90006105,1,4,1,75.31639071,0,0
6128,27.91370613,3,5,4,72.61327842,3,1
8882,27.9198814,1,3,17,81.95198481,2,1
4454,27.92259297,1,3,15,54.52863962,4,0
1649,27.92710302,2,5,15,45.76386195,2,1
6410,27.96370703,2,5,9,81.31913426,2,1
9821,27.97275901,2,5,21,80.89101625,0,0
7135,27.98392398,1,2,2,75.90254072,1,1
5975,27.98652037,1,2,7,83.47723804,1,1
5507,27.9911301,2,3,8,58.53033393,1,1
9566,28.06211697,3,5,19,82.25593253,1,0
5955,28.06764965,3,5,20,78.71448517,1,0
359,28.07025335,1,5,2,82.47023945,4,1
9532,28.07662253,2,5,6,69.02843282,2,0
5494,28.08716527,3,4,8,57.44691171,4,0
5014,28.1011788,3,2,3,84.06757358,2,1
6583,28.10487457,3,5,5,77.65622512,5,0
5413,28.11932973,1,4,12,78.35338515,1,0
9999,28.12003062,1,5,3,64.81129699,0,0
4605,28.12126974,2,5,19,68.32212512,2,0
8476,28.12191973,2,5,4,85.50479401,1,0
8959,28.12283729,1,5,17,63.29566212,2,1
8485,28.12480209,3,3,15,76.10764286,0,0
1427,28.12569189,2,4,22,53.90627469,1,0
1689,28.12630416,3,5,12,67.13135762,4,0
4277,28.15390823,1,5,8,71.75393881,1,1
3377,28.16718306,1,5,4,85.23079991,3,1
4807,28.1755364,2,3,10,59.08463552,1,1
4529,28.17877619,2,5,5,86.15746135,3,0
5427,28.18658801,2,3,23,69.20680869,3,0
2119,28.20097836,2,5,20,57.38246022,0,0
7186,28.23544733,2,2,2,75.76459795,3,0
9960,28.24042893,3,3,11,74.20875024,2,1
4817,28.2589931,3,4,21,81.67429333,1,1
5365,28.26105301,2,4,8,78.70711073,0,1
9772,28.2757457,2,4,5,65.55080841,0,1
8337,28.27853122,2,1,9,66.86314374,1,0
6915,28.28788136,1,5,23,74.09370018,1,0
1095,28.29496639,2,1,3,74.61274575,3,0
6803,28.29526417,3,5,3,59.09682877,6,1
4176,28.30197229,1,5,12,63.35494707,0,1
2422,28.30212167,2,4,23,81.03009116,2,0
8774,28.30821489,2,4,9,85.03123798,3,1
389,28.30912976,1,4,1,78.66301401,5,1
4304,28.32557142,2,5,5,63.22504428,0,1
8859,28.33703818,1,5,22,76.66277149,2,1
5600,28.34580638,3,4,8,88.49663905,6,0
1758,28.34680809,2,3,22,81.45272984,1,1
5579,28.34803456,2,5,18,80.49534591,0,0
9313,28.36900459,1,5,16,83.08628679,2,0
3625,28.38321799,1,3,9,57.83425819,3,1
2049,28.38393131,1,4,3,73.97768011,0,1
6217,28.3924322,1,3,7,75.53793184,3,1
7681,28.39496346,1,4,24,87.93111214,3,1
5224,28.39784116,3,5,17,70.19438509,3,1
7037,28.40301096,1,5,7,81.11141301,2,0
4369,28.42196507,1,5,23,71.08963918,5,0
7104,28.43649761,2,4,6,84.73291509,2,1
1167,28.44521824,2,1,7,80.55724064,2,0
8702,28.45271636,2,5,6,67.76220221,5,1
3094,28.46710107,2,1,17,68.93170983,2,1
3896,28.48464261,1,5,3,79.45773842,3,1
6048,28.49619413,2,1,16,75.83089447,1,1
2535,28.52164648,2,5,21,99.63632713,1,1
736,28.52802945,1,5,5,66.25330196,4,1
7497,28.53608822,2,4,14,73.61765777,1,1
7965,28.5549183,2,4,11,64.31841774,3,0
6585,28.58888722,2,2,12,66.34080012,1,0
9974,28.60089653,3,1,10,78.98297808,0,1
8474,28.60250438,1,5,14,79.98172566,1,0
3085,28.60471304,1,5,23,80.24647008,0,1
7362,28.62359469,2,3,10,75.79842693,3,1
4863,28.63157953,1,5,5,70.12234309,4,0
2908,28.63222576,2,5,7,76.19978786,2,0
2572,28.64776328,2,4,9,68.52819753,2,0
3090,28.65143205,1,4,6,66.37447221,1,1
7737,28.66772503,1,4,1,67.93670753,1,1
2124,28.67580653,3,3,3,99.28660002,0,1
7606,28.6765227,1,5,13,64.07169997,0,0
7648,28.68957462,1,4,18,63.41029188,2,1
1883,28.70420709,2,3,17,58.74583418,4,0
1515,28.70465214,1,5,22,80.06741765,1,1
2055,28.70471947,2,4,14,81.56332489,0,1
5679,28.70591206,1,5,7,85.52471902,1,0
3909,28.71452507,1,5,5,59.85628762,2,1
6601,28.78311612,2,2,14,70.76430415,3,1
1843,28.78456826,1,5,23,53.64710245,0,0
4435,28.7882727,3,5,20,67.10174398,2,1
7911,28.79799017,1,5,19,79.09814903,2,0
3946,28.80019168,2,3,4,85.79565893,1,1
5635,28.80645476,1,5,14,71.12477187,0,1
4505,28.83311623,1,2,16,72.95505517,1,1
3507,28.86085519,1,5,4,76.75368901,1,1
8385,28.8610025,3,5,1,91.97369975,1,1
5920,28.87653262,1,5,22,74.74586224,1,1
2501,28.90599515,3,2,9,71.48549022,3,0
7270,28.9111172,2,2,4,81.86719661,0,1
726,28.91135345,1,2,11,69.42829324,0,1
1004,28.91254498,3,3,12,78.41398289,1,1
1694,28.9133253,2,5,3,60.403134,0,0
9010,28.91462189,2,3,21,77.03560419,1,0
6565,28.91842664,2,1,7,69.44759876,1,1
8765,28.92112115,2,3,20,87.01910105,1,0
9842,28.92387499,1,2,16,67.04139463,1,1
9212,28.93441135,2,5,17,80.73656463,4,1
1619,28.94165009,1,5,18,72.0495107,2,0
2120,28.95443127,2,2,5,85.45180726,2,0
878,28.95659046,1,3,23,74.94714697,1,1
5095,28.96753426,1,5,20,75.73531456,3,1
1291,28.96763859,2,4,17,75.05742717,3,1
7995,28.96959621,3,3,14,78.51131757,1,1
8313,28.9998528,2,2,16,65.73672787,2,1
216,29.0137598,1,5,11,85.23170757,3,1
9181,29.02243227,2,5,17,69.45645991,0,0
6970,29.05441685,1,4,1,78.11232412,2,1
8990,29.05656746,1,5,20,83.9372667,1,0
7514,29.06965508,2,3,10,72.1948051,4,1
6253,29.07408411,1,2,24,85.50879232,2,1
8145,29.08734103,3,5,4,63.16956753,4,1
8676,29.09804026,2,1,10,85.73408582,2,1
4158,29.11041747,3,3,11,63.55850322,3,1
4934,29.12114656,1,3,18,82.32250851,4,1
8410,29.12301793,2,2,14,74.13197041,0,1
9042,29.12318714,1,4,1,68.10421098,0,0
8423,29.12573367,1,4,22,53.72724136,0,1
6726,29.13358687,2,4,19,79.73717521,3,0
6318,29.14514306,1,5,11,79.16247572,2,1
9434,29.16397629,3,5,9,59.10730636,2,1
7227,29.1730967,2,1,7,85.5520298,1,1
1171,29.18054129,2,4,9,66.69316968,0,1
4715,29.20261806,1,5,3,66.27636318,1,1
9601,29.21633711,2,4,7,64.63516793,3,1
5333,29.22288181,2,5,10,81.49058345,1,0
6797,29.24214462,3,5,18,71.99179155,0,0
7440,29.25995846,1,3,8,70.82379478,3,1
2980,29.2659319,2,1,21,82.03806146,0,1
615,29.27425755,3,4,8,98.6771097,4,1
3682,29.30926963,3,4,24,66.80818965,1,1
5325,29.313222,2,4,4,63.27454566,3,1
7458,29.32700964,1,5,20,70.13429763,0,1
3389,29.3398785,1,4,4,52.14065487,1,0
991,29.34819355,3,2,14,62.93196456,2,1
4251,29.35043091,1,5,18,69.66885007,1,1
7339,29.35352955,2,3,17,63.17448778,1,1
5136,29.35594167,2,5,3,81.05792457,4,1
1953,29.36504261,2,5,1,66.21387811,2,1
5162,29.40000284,3,4,1,80.47663816,0,1
5552,29.41773728,1,5,17,72.32895965,0,1
5622,29.4196942,3,5,16,77.25287718,3,0
4331,29.42099069,1,4,20,71.25167166,1,0
685,29.42111968,1,4,10,62.51549219,2,1
6770,29.46289731,2,3,22,77.18326609,1,1
1262,29.47236363,3,5,18,66.19021363,0,0
6538,29.47339901,3,4,10,93.08889032,2,0
4187,29.47394867,1,5,10,77.63086422,2,1
1945,29.48874411,1,5,16,68.06292184,1,1
9292,29.50375935,1,2,19,65.89234397,0,1
1586,29.50491856,2,1,22,54.75278688,0,1
7651,29.50803619,1,3,22,63.00076922,1,0
9510,29.52411353,1,4,23,84.05657409,0,0
9399,29.53331216,1,4,17,78.85654614,1,0
805,29.53505757,1,2,20,79.73767234,0,1
941,29.55184614,2,2,20,84.52015725,2,0
3592,29.56108922,2,3,23,60.34158897,1,0
1838,29.58907995,2,2,11,77.08391111,6,1
2085,29.58947268,1,4,4,68.54231805,3,1
7660,29.59921298,2,5,20,83.8359812,3,0
5313,29.60315894,2,4,9,71.23714302,2,1
3486,29.61151175,1,2,17,71.71781191,2,1
7638,29.6225531,3,1,10,72.6583594,4,1
5576,29.63123759,3,5,24,85.49657981,4,1
2506,29.63165954,1,2,10,67.87103204,0,1
330,29.6430523,2,3,8,70.72517434,3,1
4898,29.65448133,1,4,15,92.80826291,2,0
2776,29.65712661,1,5,19,66.53668384,3,0
7876,29.65748109,3,2,9,57.40901185,2,1
443,29.66610342,1,5,7,73.75762833,3,1
8595,29.66989821,3,5,10,55.27655513,2,0
4913,29.67219395,3,5,21,82.08185367,2,1
9078,29.6982497,1,5,7,86.60500837,1,0
7469,29.69984578,2,5,2,72.90737069,1,0
1573,29.71448654,1,5,18,76.72952259,3,0
8241,29.71752148,1,5,21,78.62246843,3,0
3302,29.72584301,2,5,3,89.37974469,2,0
5689,29.74944127,3,4,16,63.41763003,0,0
2388,29.76808744,3,2,2,87.55024604,2,1
7922,29.7726555,3,1,12,101.2036611,5,1
7148,29.773445,1,5,15,108.1270993,2,1
7701,29.78182348,3,3,10,76.04126296,4,1
6255,29.78712639,1,3,16,77.38606418,3,1
3915,29.80840927,2,5,3,71.575844,6,1
5521,29.81021092,3,5,11,66.12779478,1,1
2396,29.81251497,1,5,15,88.46481606,3,1
1769,29.8271749,2,4,7,76.69509432,3,0
9303,29.83347275,1,2,7,85.96498115,3,1
8994,29.84484227,1,4,13,54.02258423,1,0
3591,29.84561369,1,5,24,91.44267676,1,1
5898,29.85477093,3,2,12,86.09627108,3,1
4129,29.85844144,3,4,24,65.95700208,0,0
1398,29.86165052,1,3,22,80.82123349,2,1
3604,29.86367828,3,4,11,82.96007241,2,1
8092,29.87284118,3,5,4,84.41017517,2,0
733,29.88180944,1,5,23,81.02174219,0,1
1348,29.88908368,1,5,14,89.22949299,1,0
5054,29.90401389,1,4,24,66.57320252,1,0
8709,29.90523805,1,5,15,82.98968044,3,0
7893,29.91276844,1,4,3,72.85589696,1,1
5178,29.91627097,1,5,5,93.11373174,4,1
2855,29.91952302,2,4,24,87.25579212,2,1
2304,29.94249842,2,5,10,78.00117692,2,1
3891,29.94517243,3,3,5,83.37210037,2,1
4008,29.95123002,1,2,17,74.56712159,2,0
8233,29.96240976,3,5,13,79.18929007,1,1
2871,29.96758323,2,5,12,83.76213608,0,0
6523,29.97404398,3,4,15,90.39389986,3,0
8394,29.99041567,1,4,10,109.6868515,3,1
197,30.01545385,1,5,7,87.9550494,2,0
3365,30.01818824,1,5,13,72.18085241,3,1
1679,30.01835122,2,3,15,76.93111789,3,1
3738,30.03231974,1,5,16,75.14802757,4,1
998,30.04235333,1,4,24,77.41040818,2,0
7416,30.04732583,1,5,6,76.18644175,0,0
361,30.05706043,1,4,18,70.11782304,0,1
8746,30.06060807,2,3,23,69.44132191,4,1
6816,30.06402962,2,5,6,71.35575109,1,0
8051,30.06938204,3,5,20,72.75175204,3,1
5302,30.07451329,2,3,7,60.70683096,0,1
4428,30.08718211,2,3,16,65.17384728,3,1
5046,30.09363392,2,4,24,62.21020693,3,1
1416,30.09602188,2,5,9,79.19806944,2,0
3226,30.10145724,1,5,6,78.60050181,1,1
8987,30.15487293,2,5,22,63.65014448,1,1
4974,30.17210084,2,5,2,77.300082,4,0
905,30.1759407,1,3,8,101.9050116,1,1
2202,30.19515355,2,5,21,66.98356373,3,0
8387,30.20205323,3,5,6,79.4375763,1,0
3721,30.22636361,2,3,8,86.90928573,3,0
1331,30.23929574,2,5,11,74.2942472,1,1
1650,30.27690193,3,4,10,74.34245746,0,0
8564,30.28768314,1,4,12,78.96111454,2,1
2363,30.29149109,2,3,1,78.65558242,3,1
3935,30.29241424,2,3,9,81.56697772,2,0
5286,30.29309643,1,5,13,76.94946363,2,0
6807,30.31896095,1,5,4,78.5889938,0,0
5102,30.33508696,1,5,10,72.37364928,0,0
8662,30.34361469,1,5,18,89.51620213,3,0
566,30.35533782,1,4,11,73.00466601,4,1
9931,30.35948864,3,4,17,72.87086875,1,1
560,30.4207449,3,4,8,90.71006179,2,1
6668,30.46083964,1,2,8,65.41001964,1,1
577,30.47873637,3,5,5,55.45803,1,1
5805,30.48019227,1,4,18,59.29213212,4,0
8740,30.50135614,1,5,1,68.91290009,3,0
3124,30.51261735,1,2,18,56.99882239,1,0
7238,30.51823204,3,5,20,78.49714812,0,1
3402,30.53163175,2,3,5,66.76286668,3,0
8693,30.55010607,1,5,3,67.21182072,1,1
7221,30.56192049,3,2,5,67.79846814,2,0
4439,30.56513594,3,5,14,71.92705384,1,1
8887,30.56527363,1,4,20,44.87618586,2,1
8752,30.56822358,1,5,6,77.29772921,1,1
1092,30.58213712,1,5,14,85.80235567,2,1
8561,30.58275452,2,5,15,57.56161511,5,1
3084,30.58288435,2,5,11,65.2020641,2,1
639,30.59197792,1,5,15,76.77344971,0,1
2530,30.5965567,2,4,3,64.90262994,2,0
9222,30.60490192,1,3,4,69.9265341,1,1
1033,30.60533561,1,2,15,72.92085344,3,1
3712,30.6097651,1,4,21,82.7240236,2,0
8529,30.62901396,2,1,10,81.38253007,1,1
5348,30.6509689,1,2,2,56.28211967,1,0
8038,30.66282799,2,5,20,77.94057276,2,1
6763,30.68892894,2,5,4,72.68701047,2,1
6108,30.68947411,2,1,6,45.6450848,5,1
8669,30.70956667,3,5,13,78.29566541,0,0
6608,30.73191082,2,4,1,85.76731684,0,1
2589,30.73606253,1,5,21,66.52679961,3,0
8416,30.74384604,1,5,13,73.53049661,2,1
4,30.74428701,2,4,19,81.91790765,3,1
4993,30.75127132,1,5,7,78.46284602,4,0
2673,30.75240122,2,3,9,80.27828358,2,1
1759,30.75325555,1,4,9,69.70263925,2,0
302,30.75916381,3,5,9,72.90356508,7,0
5830,30.77125791,1,5,22,82.9344233,0,1
9338,30.78881655,2,4,3,93.52366046,1,0
6891,30.80191959,2,1,6,88.32390811,4,1
4210,30.8219475,1,5,1,87.86767564,1,0
1798,30.82928504,3,3,11,75.50427977,0,1
2799,30.84003372,1,5,6,61.54505527,1,0
6947,30.84342913,1,4,3,74.91803023,0,0
9613,30.85326326,1,5,3,78.11875274,1,1
145,30.85508964,1,5,8,73.22232408,2,0
9111,30.86047608,2,3,10,75.19533102,3,1
3875,30.87750129,1,5,24,75.25108844,3,0
9306,30.88501808,2,3,2,60.68083451,2,1
8600,30.88570228,1,5,9,99.67296405,4,1
3041,30.89514319,3,3,10,95.85437562,3,1
9735,30.9002678,2,2,23,75.21572338,2,1
1179,30.91135619,2,4,9,91.99710314,4,1
3328,30.91307492,1,3,1,81.09046415,1,1
6378,30.91650113,2,5,1,85.39176457,4,1
9100,30.91997356,1,4,24,77.79701856,3,0
1281,30.9253246,1,2,24,84.60565161,4,1
937,30.9405235,2,4,16,76.78285905,5,1
6044,30.94978635,1,5,1,86.55134433,1,1
3173,30.97192019,1,5,9,76.20405897,2,0
8347,30.98075747,1,5,16,64.2025489,2,1
5610,30.99181564,1,5,11,78.70824802,0,1
2551,31.01918002,1,4,11,79.27971672,1,0
4541,31.02726958,1,3,13,71.59100789,2,0
8857,31.03999175,1,3,4,84.3848225,4,1
3866,31.04832286,3,1,16,76.98886458,4,0
8694,31.05064042,1,5,9,91.20699615,1,1
7239,31.05103168,1,2,6,77.82077966,4,1
5953,31.05199569,1,5,11,97.62839136,1,0
5017,31.0546675,2,5,13,78.40939023,4,0
38,31.05945439,3,3,10,68.1625299,0,1
1942,31.06250755,1,5,1,68.10827061,2,1
2439,31.08087055,2,5,5,62.91153138,3,0
6666,31.08602976,2,5,6,82.25935394,1,1
7321,31.08819478,1,2,13,81.61782987,2,0
5922,31.12082864,1,4,19,73.33810248,2,1
2303,31.1265648,1,5,20,65.8652773,3,1
3126,31.12685703,3,4,21,79.47447462,1,1
1741,31.13110378,2,1,2,55.40380638,0,1
5414,31.13379396,1,5,13,72.26680441,2,0
4436,31.13523662,2,5,24,59.31922668,5,0
3683,31.17454071,2,4,8,71.09225652,3,1
7674,31.1824682,1,4,16,90.49862292,2,0
2264,31.20668556,2,4,24,75.96031668,3,1
6776,31.22831563,3,2,24,66.82420676,0,1
9071,31.2313296,3,5,13,75.10086711,3,0
6017,31.2352374,1,3,21,73.52782525,1,1
3674,31.25010707,2,3,1,75.4442823,4,1
613,31.2581428,1,4,7,55.63890873,2,1
6672,31.26930809,2,4,17,87.0214623,3,1
812,31.27817857,2,5,5,75.1697479,2,0
9494,31.29320033,3,3,16,78.90970996,3,1
3071,31.30524766,1,3,6,88.99726382,0,1
9314,31.30828144,1,2,13,64.74507894,1,1
9205,31.31279069,3,4,3,68.31742044,2,1
6931,31.33639119,3,2,8,78.55508637,3,1
9959,31.37548326,2,1,7,70.65296287,3,1
4636,31.37937061,1,2,9,69.42658651,1,0
9296,31.38879544,1,2,24,64.57837819,0,0
328,31.39807681,2,5,24,100.13564,0,1
9486,31.4127263,3,5,14,75.08023238,1,1
9795,31.44165782,3,5,20,68.6939182,1,1
7600,31.44410049,1,3,3,78.20837278,2,1
5499,31.44835362,3,5,11,75.23806042,1,1
5216,31.4554036,3,2,9,78.1974548,0,1
7491,31.46052649,3,5,19,80.1764945,4,1
6596,31.46589529,1,5,23,59.19602162,4,0
6564,31.48078157,1,5,18,60.21756273,1,0
2660,31.48222066,2,1,19,54.51952001,2,1
8789,31.49686138,2,5,23,92.67815604,0,0
1021,31.50099733,2,3,6,70.35120673,1,1
1937,31.50573569,1,5,9,79.83516432,0,0
6595,31.53899178,3,3,21,70.83212641,1,0
2362,31.54755939,1,5,23,96.0545691,1,0
8400,31.54788457,1,2,7,62.97404502,2,1
8384,31.5498018,1,4,5,65.93332232,3,1
5268,31.5642922,1,4,11,70.92557278,4,0
9527,31.59926532,1,5,6,74.30002705,3,0
1587,31.61745929,3,3,2,81.05550713,2,1
1991,31.62033245,2,3,13,82.27371031,2,0
2155,31.62146402,1,5,10,76.2142848,1,1
9723,31.62990408,2,5,15,87.45472806,3,0
6408,31.63234456,2,4,14,93.46685132,1,1
1265,31.6545428,2,4,12,73.0873989,0,0
1739,31.66442574,2,3,24,72.91817178,2,1
8942,31.667213,2,4,9,73.62064739,3,1
2940,31.68852123,1,5,6,75.2209142,1,1
2726,31.69421772,3,1,6,84.86032853,3,1
1146,31.70663622,1,4,19,83.69282252,2,1
5438,31.7070614,1,5,18,84.83237535,4,0
5937,31.7093883,2,1,13,71.0803446,4,0
7118,31.71147637,3,3,12,60.43068959,3,1
840,31.72292359,3,5,18,66.61066524,1,0
2016,31.7238289,1,4,7,75.17969838,3,0
1124,31.75423498,2,4,21,84.38982431,1,1
294,31.75684085,1,4,17,72.06516623,4,1
6753,31.76090547,3,5,13,78.3354801,2,0
7237,31.76463053,3,3,17,81.61496073,2,1
815,31.7693387,2,4,6,76.98794841,4,1
674,31.77546334,1,5,8,82.23500167,1,1
2905,31.78077632,1,4,11,55.52234035,2,0
952,31.78192155,2,3,2,64.95557426,1,1
6105,31.81561851,2,4,5,70.7530729,3,1
3883,31.8313739,3,3,14,75.61760761,3,0
121,31.84055423,3,4,1,84.54859903,2,0
6845,31.84226435,3,5,10,81.86790847,1,0
7217,31.84510944,2,4,21,79.09659758,2,0
449,31.85542515,1,2,3,72.41719923,1,1
5764,31.86388038,2,3,11,92.31998126,3,0
6922,31.87662966,1,2,18,68.79809021,5,0
3527,31.88568736,1,4,13,79.41250437,1,1
2598,31.89592424,2,2,17,92.27395317,1,1
391,31.91332278,1,5,10,71.86111326,1,1
3354,31.9340876,1,4,8,75.42237705,2,1
8540,31.979878,2,2,1,77.72978031,2,0
1530,31.98043871,1,5,3,80.46228954,2,1
8995,31.99201522,1,5,5,97.56832696,2,1
4688,31.99427078,2,3,19,66.7368749,6,1
3859,32.04478003,1,5,8,74.17030501,1,0
5934,32.04751224,3,5,16,95.91232205,2,0
6875,32.05900502,2,5,16,67.70715014,2,1
525,32.06336678,1,3,12,67.20550292,2,0
6406,32.07041236,2,3,5,95.35580101,2,1
4791,32.08239011,1,5,10,67.0723075,6,1
8187,32.08891104,1,4,1,57.62938361,4,1
5992,32.09505665,1,4,6,80.88206494,1,1
4286,32.10530533,2,3,20,66.83711338,5,1
2702,32.10964315,1,5,15,59.77360826,1,1
1086,32.12834354,2,5,21,76.45177373,2,0
3575,32.12952177,1,5,3,82.08983638,3,1
9838,32.13124507,1,5,11,84.34880583,1,1
6541,32.14604003,3,5,11,61.7152978,1,1
3158,32.14746653,2,5,20,84.34328476,1,1
2311,32.16220842,1,2,6,87.05137071,2,1
2236,32.18427564,2,5,10,72.50289178,3,0
3133,32.18663308,1,3,14,79.5132853,2,0
8257,32.19018084,3,4,12,77.60014409,0,1
5041,32.20051187,3,4,24,57.99563199,2,1
8226,32.21685412,1,5,15,78.16989485,2,1
2697,32.21804193,3,5,24,98.32579226,3,0
9466,32.22289607,1,5,10,85.75286689,1,1
7952,32.23093412,1,3,18,80.23473497,1,0
7702,32.23194294,3,5,11,81.18792618,0,0
4701,32.24896194,2,3,8,87.41264424,3,1
8536,32.26220986,3,4,11,61.37007395,2,1
5577,32.26846476,2,1,7,64.65474653,2,1
9424,32.27476029,2,4,20,84.22814243,2,1
1524,32.28613622,1,3,24,81.40252082,6,1
7319,32.29280405,1,5,8,81.06254599,0,0
4143,32.30092436,1,5,12,71.88734469,4,1
2794,32.32196494,1,5,3,79.34955891,1,1
6681,32.33856774,2,5,9,60.69004867,1,1
3659,32.34274576,3,5,15,83.20579575,3,0
87,32.34465595,1,4,1,72.53006362,2,1
8552,32.34550693,1,3,21,63.33802819,2,0
5834,32.34597567,3,1,23,80.33988098,1,1
4637,32.36216773,1,5,12,71.05236022,1,0
4632,32.37440274,2,4,10,100.6507338,1,0
7425,32.37546883,1,5,16,82.3701661,1,0
6765,32.37691243,1,4,6,75.92323563,4,1
6337,32.37829897,2,3,6,64.10740661,0,0
2655,32.38456087,1,4,16,66.14967282,1,0
8156,32.40770233,1,5,8,84.91854072,3,1
3371,32.42367277,1,5,7,92.40920511,1,0
7485,32.42388919,3,3,7,66.08955592,0,1
2397,32.44206835,2,1,23,74.64995523,1,0
1279,32.44895328,3,5,19,77.83833593,7,1
2015,32.45131851,2,3,5,79.39799239,5,1
6912,32.46200964,1,5,13,72.35035609,0,1
1701,32.47931447,2,3,10,82.07768132,3,1
7282,32.49043196,3,4,11,76.8894606,1,0
9144,32.49766871,1,5,10,62.03177769,1,1
5356,32.50552179,3,2,4,70.78938641,2,0
5334,32.5091893,1,4,15,81.80941165,6,0
269,32.52769225,2,5,8,78.55977967,1,0
3681,32.53368584,2,5,16,74.34912092,2,0
1512,32.53482709,1,3,5,97.85688479,0,1
8678,32.57226831,2,1,7,65.90632178,0,1
4009,32.57920515,2,3,4,91.97779919,3,1
5117,32.5857596,2,5,15,82.70184602,3,1
1676,32.60539474,2,3,11,86.10030457,1,1
4326,32.62047667,1,5,8,68.80015752,0,1
5598,32.62942416,3,5,1,78.19779075,1,0
2890,32.62983637,2,3,14,77.9722969,2,1
2315,32.63111813,1,3,4,78.91454858,1,0
7691,32.65109458,1,5,6,94.16124178,3,1
740,32.6870099,3,3,23,89.99052008,2,1
5061,32.69674888,1,4,17,100.5385658,2,1
8651,32.70376118,1,3,15,85.55586616,1,1
5875,32.70935465,3,5,8,74.46772737,7,1
556,32.71120478,2,1,5,70.5063817,4,0
2912,32.71235203,1,3,22,70.21644723,1,0
2682,32.71618218,1,5,5,67.55305229,4,0
5397,32.72295757,1,5,3,63.44287132,4,0
8016,32.73360119,3,4,24,84.00884642,4,1
5160,32.73364024,1,5,15,69.31765416,0,0
6789,32.74141723,2,4,6,77.91258596,5,1
4458,32.7579028,1,5,18,77.38748853,3,0
9125,32.76405935,2,1,11,71.16454853,2,0
5501,32.80017639,1,4,7,61.12282268,2,0
4669,32.80326089,2,1,4,70.53889169,3,0
5355,32.80380175,1,5,2,82.30755639,3,0
983,32.83391474,1,5,3,56.11845636,2,1
963,32.83651747,1,5,24,84.060762,2,1
1662,32.84178692,3,3,4,89.87849938,1,0
4777,32.8620812,1,5,7,72.12116834,1,1
6086,32.88253514,3,4,15,63.00465355,2,0
7827,32.91051788,2,4,18,74.84089949,1,0
2580,32.91639542,3,4,20,76.99655362,4,1
1886,32.94147234,2,4,7,81.51455566,3,1
4260,32.94171176,3,5,14,64.70147239,1,0
9949,32.94765605,1,5,2,65.89617256,3,1
4609,32.94872431,1,5,23,94.9550439,0,1
8687,32.95259927,2,5,24,61.3478823,3,1
7856,32.95528086,1,4,21,78.16693267,4,1
8096,32.96032885,2,5,4,82.14406234,1,0
3152,32.97157145,1,2,6,94.88441308,3,0
8533,32.97449821,1,2,20,76.51182753,4,1
7837,32.97477319,3,4,8,72.22173978,2,1
693,32.99898521,2,2,20,72.06662444,0,1
7121,32.99971415,2,2,2,74.56245702,1,0
5176,33.00524879,1,4,24,93.33534625,3,1
7285,33.02034021,1,5,6,84.91294442,3,0
6779,33.02782357,1,5,16,86.61248298,2,1
6635,33.04291332,3,4,1,67.23444246,1,1
7470,33.04475364,1,4,23,69.5808148,1,0
1410,33.04760319,1,3,11,77.61610978,1,1
6614,33.05809748,2,2,14,59.74176206,1,1
2394,33.06302649,1,4,15,73.08181072,2,1
591,33.06797681,1,5,2,73.66785758,0,0
4261,33.08276854,3,4,23,72.20828417,1,0
8945,33.09505551,2,3,20,84.62218173,1,0
3381,33.09584865,2,3,2,78.45104956,2,1
6944,33.09757505,2,4,4,70.03342621,3,0
5432,33.09802925,3,4,10,98.00851421,5,1
9964,33.09967216,1,2,12,82.49329898,0,0
5546,33.10888503,2,3,8,71.64815716,3,1
2215,33.11642629,3,2,18,61.71452856,1,1
2672,33.11971227,2,4,9,83.3899853,0,1
1468,33.12441931,1,4,3,79.35150579,1,0
3864,33.12467736,2,5,6,67.48123721,3,1
415,33.13630928,2,3,3,91.69296145,2,0
5242,33.15354494,1,2,16,78.57969986,1,1
1274,33.16135703,1,5,6,58.83564383,2,0
8998,33.19501869,1,5,2,82.14827112,1,1
7080,33.19805363,2,5,11,84.93108294,3,1
6991,33.20397418,2,5,2,74.59995179,2,1
3209,33.23194898,2,5,1,92.18083315,2,1
64,33.24039478,1,5,16,53.99805929,1,1
4062,33.26240172,2,5,18,86.11355762,0,0
9014,33.26425858,3,1,23,66.25104727,1,1
5099,33.27258471,2,2,6,77.66402652,2,1
1857,33.27668594,1,3,4,86.28592825,2,1
930,33.27990103,2,3,1,67.99842131,2,1
7974,33.28127491,2,5,22,73.52827744,1,1
7607,33.28397508,3,4,1,86.91845222,3,0
9148,33.29201814,1,5,19,53.03435963,1,0
6078,33.29347136,2,5,14,66.86138868,3,1
8721,33.29944941,2,2,1,74.38097446,2,0
6379,33.31054637,1,2,8,63.41890696,2,0
9990,33.31597797,1,5,11,55.93537826,2,1
6200,33.33330064,1,4,13,67.90046163,2,1
5602,33.33426874,1,5,4,75.42133144,3,0
1899,33.33912567,3,3,18,91.0145124,1,0
3267,33.34384707,3,4,10,72.96749718,2,1
4067,33.34611629,2,5,4,73.28264932,4,0
4566,33.35593926,2,5,6,66.77710657,0,1
8862,33.36321553,1,4,9,91.6219703,1,1
8520,33.37560557,2,3,4,79.78961504,2,1
4055,33.37806326,1,5,16,81.64184105,1,0
5312,33.40112613,1,3,15,69.32755308,1,1
8977,33.40701178,1,5,10,80.56619578,1,1
9351,33.40744783,1,5,10,69.05524912,2,0
7028,33.42057263,2,5,7,60.48721908,3,1
5758,33.44239749,2,3,12,76.32998649,2,1
2174,33.4471257,1,3,18,74.84316111,0,0
1534,33.45272169,1,4,14,80.6639466,2,0
8214,33.45720885,3,1,12,87.74374151,3,0
5153,33.46718288,1,5,18,76.4163108,2,1
2913,33.48104164,1,2,2,76.25331349,1,0
61,33.4843587,3,5,18,94.35497713,1,1
184,33.50364799,3,5,14,74.17373962,0,1
1666,33.5049402,1,2,3,62.9176978,1,1
504,33.50513656,3,4,14,66.29526979,2,1
4476,33.52113748,1,5,17,78.33430791,3,1
7733,33.52749884,1,2,10,68.42132137,4,0
3851,33.53085934,2,5,6,86.55293572,2,1
2449,33.54209366,1,4,21,65.76125769,3,1
4001,33.5452707,1,2,5,67.14342801,1,0
5761,33.54904639,1,5,8,70.5763328,3,1
3528,33.55364747,3,4,3,76.09232976,1,1
9120,33.59807041,2,4,1,84.80132093,4,1
2421,33.59865134,1,2,5,67.28487419,1,0
8108,33.60725479,2,1,10,61.85576764,1,0
5865,33.60765046,3,3,19,69.75427634,4,1
6491,33.61535016,1,3,17,85.37628334,0,1
6528,33.62829575,1,5,4,73.4135783,3,1
4383,33.64910679,1,3,15,77.1121849,4,1
1912,33.66294041,1,5,24,78.45413995,1,1
3916,33.71420214,1,4,1,79.44132233,4,1
3277,33.71508532,1,5,3,83.05666074,2,0
5609,33.72664109,2,1,17,85.31149732,1,1
2686,33.7325127,2,2,23,78.93153648,2,0
5619,33.74026851,1,5,2,69.23847093,3,1
6034,33.78252916,3,5,10,64.77351896,2,1
9429,33.78425602,3,3,21,73.7536831,6,0
522,33.81831096,3,1,20,70.65402516,3,1
4069,33.82836733,1,3,18,100.3830009,1,1
7244,33.82881732,3,4,15,65.48764415,3,1
2875,33.83055696,1,5,23,69.17001468,0,0
1484,33.83161258,1,2,4,60.38318238,2,1
1640,33.83794701,2,3,12,78.048385,1,1
7672,33.85237535,2,1,15,60.32638137,0,1
8472,33.86137058,2,5,7,80.99340429,3,0
2667,33.88917072,3,3,22,73.50974602,1,0
6760,33.89080185,1,5,16,78.10390293,2,1
6305,33.89594106,1,5,1,85.32878641,2,1
4325,33.91051077,2,5,17,65.12338585,3,0
6326,33.91443273,3,5,23,87.86798201,3,1
6985,33.91701378,2,3,20,78.16716428,2,0
4779,33.92609343,3,3,6,74.95509104,0,0
3749,33.94468872,2,5,8,68.33458143,1,1
1233,33.95212072,1,4,16,90.1372874,3,0
6008,33.95575661,2,4,9,70.45366744,5,1
4214,33.96462485,1,4,6,84.21079481,2,0
5063,33.97200964,3,3,17,72.81059932,2,0
1855,33.97211392,1,3,15,60.96273164,1,1
7053,33.97215674,1,4,18,78.99442511,0,1
702,33.97604551,2,4,1,74.36348272,1,1
1589,33.9935351,2,5,19,78.5595155,2,1
2052,33.99564159,2,5,8,91.45448176,1,0
6777,34.00776288,1,5,18,64.72636288,0,1
7184,34.01534003,2,3,17,74.51379433,1,0
8759,34.03355116,1,4,11,69.61909005,1,1
5,34.03418876,3,4,21,74.37102806,5,0
9627,34.03796018,1,3,12,82.1375437,3,1
4590,34.08551478,1,3,2,88.87411532,2,1
4470,34.12944005,2,5,13,72.51732427,2,0
3772,34.13712686,1,5,9,85.89375059,6,1
4284,34.1380892,2,5,6,64.71086617,1,1
1006,34.15090653,2,4,13,74.28598917,1,0
2021,34.15546525,2,4,1,63.23506569,0,1
2436,34.15600653,3,5,8,69.76323347,2,0
486,34.16778956,2,4,14,62.37501868,1,1
4228,34.17240764,3,4,22,65.40932188,3,1
7110,34.1779866,3,5,23,77.10803729,0,1
6593,34.18172763,2,1,2,91.32092392,5,1
893,34.19559784,3,1,9,97.29349561,5,1
7288,34.20433733,2,5,20,83.11663393,4,1
6780,34.21341462,1,5,4,69.15954679,4,0
3538,34.22036981,2,3,2,79.62591133,2,0
5441,34.24525175,2,5,19,77.44778402,4,1
3488,34.25555485,2,4,8,62.69515883,4,1
2740,34.27427891,2,1,24,72.96097078,3,0
8482,34.27582878,1,5,17,78.72495395,4,1
8707,34.28086826,1,2,17,69.69285363,1,0
861,34.28295226,3,2,4,74.32821269,1,0
6952,34.29782769,2,5,13,82.68331613,4,0
4447,34.31523495,2,3,6,70.5734883,1,0
9051,34.31783334,1,4,19,71.91477025,1,1
9204,34.3321769,1,5,15,87.01338489,0,0
9766,34.33998758,1,2,16,83.34851965,5,1
8827,34.35917061,2,1,23,83.30827765,3,0
3597,34.36042751,1,4,8,70.65791583,2,0
7325,34.36446054,1,4,13,86.45658,0,0
8776,34.39304962,1,5,2,70.07360496,0,0
1230,34.40186675,3,5,9,65.89221555,3,0
8484,34.40796536,2,5,12,70.88735962,0,1
9777,34.40986255,3,5,14,63.88517209,1,1
9531,34.4311637,2,5,9,79.11600856,0,0
8460,34.43566202,2,4,10,82.40488364,3,0
4866,34.43660082,1,2,2,81.60799528,1,0
2729,34.4604108,1,5,10,67.39821543,3,1
5696,34.47824015,1,5,24,55.91221692,0,1
8046,34.47965441,3,2,7,76.67811465,4,1
1592,34.48739499,3,3,7,82.06547472,1,1
7583,34.48811536,2,4,3,75.54771231,2,0
9657,34.48822713,2,5,4,56.68136763,2,1
5157,34.48975953,1,4,17,80.1436071,2,1
8686,34.49543932,3,5,3,91.74351519,2,0
4775,34.51608577,1,4,2,79.46704329,1,0
9208,34.53620624,1,5,6,82.9145373,2,1
4296,34.53627864,1,5,4,59.59119251,4,0
663,34.53739635,1,5,1,66.62820029,2,0
5110,34.53840355,2,3,5,72.9430007,0,1
9297,34.55004643,3,5,13,72.48137721,1,1
6778,34.55539178,1,5,20,68.34368251,0,1
5411,34.56410526,1,5,19,79.30667426,1,1
1373,34.5787826,2,5,7,93.6353907,0,0
2336,34.58033114,1,4,12,70.3662683,4,0
1877,34.58374352,2,4,11,57.7170517,4,1
5653,34.5882931,1,5,13,82.7249114,0,0
5833,34.59058158,3,3,16,60.44072937,3,1
7218,34.61784787,2,4,17,76.25733358,1,1
643,34.61906308,3,3,14,64.08029475,0,0
1846,34.62312515,3,4,8,61.61965395,4,0
8318,34.63058556,2,2,13,88.00259124,3,0
9432,34.63800423,1,5,10,73.19201606,5,0
8667,34.64736349,1,2,16,88.43110746,2,0
9569,34.65832794,3,5,5,64.4104357,0,1
6119,34.65922933,2,2,12,70.82032902,1,1
4689,34.66683974,2,5,18,67.37928616,1,0
2225,34.6821148,1,4,5,86.90132162,2,1
3640,34.68879202,1,3,16,80.44284585,3,1
8180,34.68954579,2,1,5,71.11842034,0,0
4503,34.69588747,1,5,13,70.68098714,1,0
5074,34.70292345,1,5,16,57.43658973,1,0
7870,34.70840399,3,1,10,67.32754181,1,0
7631,34.70846055,2,4,17,60.32294871,2,0
6483,34.71211834,1,5,17,71.5647207,1,1
8849,34.71323248,2,3,9,62.56648751,1,0
5642,34.71506241,2,3,2,69.29601424,2,0
4917,34.7169027,2,3,2,82.19343187,0,1
3039,34.72641152,2,5,24,84.57831719,3,1
4678,34.73518575,1,5,6,66.74786675,3,0
8846,34.77122932,2,3,15,76.65659691,2,1
7233,34.77334589,3,1,17,73.92787562,3,0
2484,34.7735108,3,3,22,68.1385108,4,0
4291,34.79417352,1,4,4,72.29178635,0,0
8989,34.80234652,1,4,11,73.94335391,0,0
7312,34.81576731,2,4,7,69.20517015,3,0
5270,34.81649018,1,2,13,65.86671962,1,0
7097,34.84385945,1,5,22,69.78951991,2,0
4321,34.85512674,1,2,15,69.37259835,1,0
4822,34.87449857,3,4,17,64.85077008,2,0
9704,34.87625185,1,5,17,82.89277595,1,0
4553,34.88623924,3,5,19,85.58246784,3,1
9422,34.92397717,2,4,20,95.25693556,3,1
1205,34.94076316,1,5,23,80.55390414,4,1
5260,34.95152026,1,5,2,60.2166084,3,0
8425,34.95555989,2,4,15,78.53458097,2,1
3051,34.95961076,3,2,24,73.12363774,3,0
540,34.98362975,1,4,9,85.19516903,2,1
581,34.99041387,1,4,23,78.07267473,2,0
1190,34.99345146,2,3,8,75.52929246,3,1
7805,34.993763,3,4,5,97.23068341,5,0
6223,35.00625544,2,4,7,54.02561599,0,0
5018,35.00663322,1,5,17,71.57615779,2,1
2379,35.01901172,1,5,19,70.792446,0,1
3174,35.02729392,3,1,17,83.092479,2,0
7480,35.02859883,1,3,6,61.63290625,3,1
7898,35.04126811,1,2,2,78.94514802,1,0
3530,35.04402231,1,3,7,69.39769301,0,0
2823,35.04677613,2,5,1,91.80692777,3,0
8933,35.05553492,1,3,14,58.34033542,1,1
6179,35.06447911,2,5,6,74.6241408,1,0
3394,35.0660596,2,3,1,90.44711148,4,0
9869,35.07358987,1,5,20,66.53884187,0,1
9683,35.07724466,1,4,22,101.3908143,1,1
9072,35.08067722,1,5,21,70.88661658,0,1
8065,35.09233241,3,4,8,73.43645618,2,1
6257,35.11089828,1,5,1,76.89528427,4,0
8102,35.11768382,2,5,8,69.56705512,1,1
507,35.14669891,1,4,22,86.18872306,4,0
8438,35.14798509,3,3,24,91.28246308,2,1
7511,35.15406991,1,5,6,87.69302811,1,0
3810,35.16586056,1,5,22,67.18608233,4,0
1150,35.19217615,3,3,24,97.8293857,2,0
9917,35.19388071,1,4,11,80.51753274,2,1
9552,35.19955195,2,3,10,88.74538228,2,1
7821,35.20182448,3,5,12,62.31667861,0,1
4335,35.21347686,1,4,17,89.93896918,0,1
5184,35.22610002,2,5,22,60.15234287,1,0
4479,35.24863691,3,4,17,72.71474213,2,1
6990,35.2492573,1,5,5,80.06172801,3,1
2685,35.25049514,3,3,16,66.34002322,1,1
2087,35.26767159,2,5,14,77.18256892,0,1
2918,35.3205414,1,4,23,73.36435051,1,0
7905,35.32219179,3,5,16,95.64466913,1,1
4973,35.34944399,3,2,14,82.50282829,2,1
9436,35.35246902,1,5,1,93.55530621,1,1
3743,35.35562461,3,1,24,78.59008827,2,1
6260,35.35818249,1,5,3,86.82150561,5,0
5997,35.36286007,2,5,13,70.3721493,3,1
7228,35.37488721,2,2,14,58.23557469,4,0
7149,35.38078346,2,5,8,87.55572599,1,0
2260,35.40118446,2,3,19,97.55969195,1,1
4020,35.42311979,1,5,15,64.89878375,2,1
7040,35.42369759,1,5,7,81.62167004,0,1
8837,35.42442261,2,5,23,62.74940057,0,1
5553,35.44941983,1,4,17,89.07335072,2,0
2683,35.47312376,1,5,2,85.56651103,5,1
1639,35.5171376,1,4,21,75.11199917,2,1
4203,35.5183858,3,3,3,77.10737347,1,0
2428,35.51859634,2,3,6,60.45060972,5,0
4621,35.52443958,1,3,8,86.57024467,1,1
5786,35.53873341,1,5,16,61.3168333,0,1
3795,35.55676503,3,5,20,66.61869387,4,1
9254,35.58717883,1,5,9,61.32536368,1,1
6724,35.61593752,2,2,19,81.83560409,2,1
9862,35.61647029,2,4,3,81.27295406,3,1
4849,35.62254954,1,4,5,64.62990932,1,1
7122,35.6244437,2,5,4,99.25112599,3,1
5927,35.62920526,3,1,13,82.92442702,4,0
1419,35.65027569,3,5,23,94.26722777,0,0
5640,35.65551126,1,5,10,86.46031,2,0
5120,35.67045095,1,2,18,84.22163014,2,1
9732,35.67423583,1,3,12,88.98388111,3,1
5330,35.6785514,1,5,24,72.39361483,2,1
2121,35.68260374,1,5,9,62.81876809,3,0
3777,35.68527844,2,3,7,69.85259233,1,1
886,35.70726071,1,5,13,85.65237141,3,1
5197,35.71311701,1,3,11,77.41075439,0,1
7901,35.71343629,2,1,22,74.29390614,2,0
7589,35.72147593,1,5,19,65.0121781,2,1
4626,35.72353566,1,4,7,79.54340923,4,1
6864,35.75721075,2,4,18,60.55610509,2,0
7146,35.80098282,1,5,21,57.73852115,4,0
1988,35.81477014,2,4,5,72.82209817,2,1
6868,35.82467475,1,5,4,77.97167506,1,1
6021,35.8316139,2,3,3,52.0121699,1,1
4591,35.84123378,2,4,9,66.64948947,1,1
7262,35.86129916,2,3,19,77.22474237,5,0
3451,35.86164452,2,5,7,64.12441764,2,1
4205,35.87199595,3,3,1,81.71285146,2,1
7670,35.89212924,2,5,17,66.47127654,3,1
5288,35.94383741,1,2,7,69.68344051,1,0
4679,35.94424328,1,2,6,84.70349953,2,1
4334,35.95535852,1,5,6,72.12099991,0,0
2408,35.96327395,1,4,22,85.18218105,3,1
7266,35.96602392,1,3,9,87.38628097,2,0
7402,35.96942264,1,4,17,97.04765344,3,0
988,35.97647745,1,5,21,73.45775832,3,1
2542,35.97871978,1,4,15,69.23546749,0,1
9116,35.98179683,1,5,17,69.55375815,2,0
3026,35.98902961,1,5,9,84.65355264,2,1
6580,35.9964292,1,5,5,63.83518552,2,0
6863,36.02412263,1,4,14,69.85942591,0,1
5587,36.02488466,1,5,6,79.45769615,4,1
2627,36.03502995,3,5,21,80.95010324,0,1
8670,36.03532414,2,5,1,75.4587085,2,1
3886,36.04977077,3,4,20,64.18270734,3,1
1643,36.04989055,1,4,20,78.54771363,0,0
9768,36.06971694,1,4,17,74.72965117,0,0
1217,36.07142054,2,2,17,78.64934553,0,1
8026,36.07540023,1,3,5,73.56849336,2,0
1330,36.07941744,1,3,10,63.88078811,3,0
8794,36.08019448,1,4,4,75.72029855,3,1
8372,36.0918589,3,2,18,75.68555665,2,0
9571,36.10879974,2,5,15,80.40621772,3,1
2440,36.11019104,2,5,12,75.60562516,3,1
5283,36.11645305,2,5,19,79.06079587,4,1
7957,36.14036395,2,4,6,62.98442426,1,1
6156,36.14973314,1,5,12,67.51537874,1,1
7147,36.16070731,1,5,20,79.31958698,2,1
5540,36.17245781,2,3,12,74.57775338,2,0
1007,36.17724838,2,5,12,75.20374733,2,1
7072,36.19525749,3,3,5,68.24236209,1,0
1861,36.20039862,2,3,4,80.43005687,3,0
1509,36.20102348,1,5,1,67.45077678,1,0
4936,36.20925217,1,5,21,70.07027736,3,0
7697,36.21480157,1,4,8,60.83044738,5,0
6424,36.22375219,2,3,23,95.37054972,2,1
8129,36.2418696,1,5,1,82.04258627,3,0
106,36.24405516,2,2,11,62.24694268,2,1
5391,36.24679715,3,3,8,81.62060271,2,1
5799,36.26836113,1,2,7,70.26051167,2,0
8606,36.28079463,3,2,1,74.95442899,0,1
9650,36.28671439,2,5,20,65.10484609,2,1
7810,36.30519208,2,5,6,81.31275965,1,1
3132,36.31116814,1,4,7,62.08698439,1,0
6134,36.31508403,2,2,14,89.40999109,3,0
485,36.3164401,2,5,11,67.24127955,1,1
5011,36.3165757,1,4,8,65.73511674,1,0
1224,36.32712353,2,2,7,76.83205295,3,1
4455,36.33664013,2,4,24,73.24785511,1,1
8566,36.33985977,1,5,6,70.38607687,2,0
8830,36.34006557,2,4,18,88.26655003,1,0
5386,36.34153182,3,5,23,83.1257139,1,1
9262,36.34307368,1,5,21,91.72681872,1,1
6175,36.34999634,1,5,5,77.92178343,1,1
4838,36.3579161,2,1,21,80.78000261,0,1
1445,36.39911508,2,4,14,73.3684017,1,1
5479,36.40352674,1,5,3,87.87994061,1,0
2809,36.40423892,2,2,14,68.56424734,4,1
772,36.42103315,3,5,3,66.27417229,2,1
5255,36.42285866,1,4,1,66.03215279,3,1
9786,36.42380785,3,1,24,75.8831888,3,1
1783,36.44836331,1,5,14,77.5920719,3,1
542,36.46105375,1,2,18,67.50783116,1,0
2736,36.46656146,2,3,5,90.4200594,2,1
8883,36.48863143,1,4,11,80.44835558,2,1
2058,36.51620211,3,5,13,70.19063092,4,1
1894,36.53939154,1,5,22,78.83877768,2,0
9304,36.56029462,1,5,4,85.88587498,3,1
592,36.59533817,2,5,23,94.4565227,0,0
6229,36.60885854,2,2,15,73.79534991,1,1
2803,36.61097432,2,4,19,99.57100371,3,1
7599,36.62860002,3,2,17,75.28405962,1,0
8440,36.63238066,3,2,9,75.22506117,0,0
2641,36.63379497,1,2,6,64.5991995,3,1
7051,36.63830165,3,5,1,72.78487904,1,0
4138,36.64119472,2,1,23,72.04901238,0,0
8786,36.6456886,1,3,16,61.51483983,3,1
6553,36.65568698,1,4,14,74.45888182,2,0
2734,36.6557234,1,3,2,56.89148743,4,0
3570,36.6614562,2,5,11,83.17611879,2,0
769,36.66956642,2,4,7,79.60094974,1,1
3264,36.68163677,2,4,22,74.22886654,2,0
7861,36.69072592,3,4,22,106.9429266,0,0
369,36.71147672,3,1,5,75.93415249,3,1
17,36.72276296,3,3,14,92.62893458,0,1
7095,36.72303392,2,5,24,71.46794801,0,1
8902,36.72432492,2,3,19,91.11218567,3,1
199,36.73795494,1,5,22,84.12517824,2,1
9069,36.74266794,1,5,18,71.44540929,2,1
9295,36.74494015,1,5,6,77.47510563,1,0
206,36.7467973,1,5,3,75.94570453,2,0
2373,36.75360514,2,1,8,76.81033492,2,0
579,36.75717626,2,3,16,52.2032271,2,0
6676,36.77443517,1,4,24,76.6011877,3,1
7260,36.77580531,2,3,13,84.45419212,3,1
5460,36.78180356,2,5,20,77.57387432,2,1
4121,36.78645516,2,4,7,70.1600093,5,1
1455,36.78672566,1,3,15,58.12976413,3,1
3363,36.83248092,2,4,21,79.50298307,1,0
5340,36.84221886,1,4,15,58.55189507,3,0
8938,36.85733205,2,3,22,67.49880645,1,1
9387,36.86206343,1,4,1,64.56477686,3,1
7849,36.87641518,1,3,5,65.24035546,2,1
8861,36.91279518,1,5,24,79.53689725,0,0
9759,36.91902424,2,2,19,85.47071981,5,0
8329,36.92672978,3,5,16,85.71131468,3,0
2942,36.94142842,1,5,19,69.78123935,0,1
3265,36.9444901,1,5,3,67.92913794,1,1
2847,36.95130456,2,1,7,69.84123719,5,0
6652,36.95494912,1,5,12,66.50014455,2,1
3011,36.96501867,2,2,1,70.32065271,1,1
1876,36.9670965,2,3,16,60.26019821,1,1
9561,36.98041919,2,1,9,73.44037633,1,1
2247,37.00862696,3,4,18,75.50138483,1,0
3782,37.0127934,2,1,8,63.87751063,3,1
1726,37.02518223,1,5,4,81.83321512,5,0
3907,37.03630204,2,4,24,81.54732007,0,0
2167,37.0398023,1,2,3,76.30044106,1,0
1635,37.04223882,2,1,15,68.05000717,2,0
2498,37.04468338,2,5,24,61.53881899,1,1
4125,37.05457529,2,4,15,69.65862325,3,1
6837,37.05760568,3,4,12,73.00186733,6,1
1433,37.06932742,2,5,6,86.03705761,5,1
8082,37.07384762,3,5,14,86.77445407,3,1
7359,37.08776861,2,2,7,81.94738619,5,1
9798,37.1228408,2,4,1,84.8005918,3,0
6781,37.14132138,3,2,10,89.32569524,4,0
101,37.14631532,3,4,8,85.86987537,3,1
2777,37.14799718,1,5,24,61.02837314,1,0
2692,37.15204447,1,5,13,75.85977985,6,1
2133,37.18631626,1,3,2,78.57413808,5,1
7176,37.19841999,2,4,2,56.93070671,5,0
6615,37.19872714,1,5,16,91.40365178,1,0
1627,37.2043611,2,3,16,65.68450604,2,1
1132,37.20640629,3,3,12,72.30203539,3,0
3473,37.22710607,1,4,9,99.17440041,2,0
5090,37.24838182,3,2,5,68.07049668,1,1
8854,37.25985372,2,2,12,80.51897559,0,1
6123,37.27632184,3,1,22,75.84802053,2,1
9713,37.28241876,1,5,14,83.36447433,3,1
397,37.30978855,3,4,15,70.51042631,0,0
6055,37.32152601,2,5,22,76.47015333,1,1
6629,37.33109836,1,5,10,94.47506283,2,0
755,37.34347025,1,3,5,71.14762491,2,1
919,37.36668603,3,4,18,64.45073489,2,1
8,37.3842103,3,4,8,63.62439481,0,1
3791,37.41466909,2,4,15,63.61382119,3,0
5939,37.44077668,1,5,23,85.96739269,4,0
984,37.4506691,1,4,14,81.33641192,6,0
9031,37.47698107,1,5,11,56.39906696,3,0
9780,37.48281723,3,3,9,76.18882139,2,1
4534,37.48459796,1,5,23,63.57134101,1,0
8858,37.51418818,1,5,22,70.06023684,4,1
2896,37.53770883,1,3,22,80.4342528,1,1
4737,37.54538976,1,5,13,68.11181895,2,1
8879,37.54832276,1,4,13,91.84318171,0,1
8070,37.55486701,1,2,15,84.39791494,2,1
8838,37.56307347,1,5,6,86.72513227,3,1
7366,37.56677101,2,5,23,71.96384453,0,1
3276,37.59086452,3,3,17,95.34596012,2,0
3333,37.59185503,3,3,19,70.29788377,0,1
7129,37.60849636,1,5,14,77.0335958,1,0
497,37.64317278,3,3,10,74.50438292,0,1
5575,37.65729402,3,1,20,55.44887003,4,1
1604,37.67486125,1,5,5,78.23403075,1,1
5088,37.68833503,2,4,10,72.15466258,1,1
3701,37.71324912,3,4,2,74.77719498,2,1
365,37.71671931,1,5,20,67.10420805,2,1
8134,37.73697775,3,5,12,81.62273891,3,1
9124,37.75585128,1,4,23,68.22824219,2,1
94,37.76363967,3,3,22,94.93931682,0,1
7355,37.77934003,1,5,3,64.19698059,5,1
1667,37.79512123,2,4,14,80.39408994,1,1
2789,37.80329572,2,5,1,60.62108765,0,0
6934,37.80345313,1,5,3,50.83930082,3,0
4851,37.80441857,1,2,20,81.04972111,0,0
9260,37.84831907,3,5,19,94.73469079,3,1
1970,37.86384243,1,5,10,89.50999575,1,0
9528,37.88216282,2,1,20,80.19143201,0,0
722,37.90735779,2,3,2,54.25807272,4,1
4723,37.90918645,1,2,16,93.29157298,3,1
4856,37.91214054,2,5,15,65.84773041,3,0
3160,37.92001322,1,5,23,67.99831876,2,1
7762,37.92347524,1,4,4,66.1717334,2,1
6847,37.92819225,1,5,13,83.96111322,2,1
7281,37.93527166,1,5,9,80.22176263,4,0
2819,37.94461315,2,4,10,71.25319297,2,0
749,37.94524559,2,3,4,74.85145487,1,0
642,37.97379296,1,5,7,85.7141061,1,0
7615,37.97479138,1,3,19,77.06040401,1,1
82,37.97544922,1,5,8,44.3591117,4,1
1603,37.9864831,1,5,16,60.01917537,5,1
7784,38.00083767,3,3,4,76.07774639,1,1
7841,38.00401073,1,3,9,76.62249572,0,0
8371,38.00460061,3,5,13,68.08359482,1,0
3007,38.01399006,3,5,21,77.27013237,2,0
2252,38.05094466,3,4,5,68.02941809,3,1
2302,38.05749903,1,2,18,76.24135253,6,0
5972,38.06527539,1,4,3,82.63779105,2,1
974,38.06639922,1,2,7,84.16206936,3,1
8685,38.08032517,1,2,9,58.13650371,1,1
1114,38.10387786,3,1,4,68.79088411,1,1
5019,38.12331624,3,4,1,70.06619053,3,1
1305,38.12593396,1,5,24,71.86766297,0,1
1547,38.13706175,3,3,21,80.30549129,2,0
4132,38.14835368,1,5,20,65.1903269,1,0
236,38.14839115,2,4,14,90.66951346,1,1
4602,38.14852252,1,5,14,78.19264811,2,1
7009,38.15211834,1,5,14,70.12123474,1,1
7494,38.15490976,2,3,6,79.01798439,3,0
2602,38.16542077,2,5,17,65.75497997,0,0
6054,38.17435492,1,2,18,72.82544665,2,1
8981,38.19122649,3,4,10,81.18184513,1,1
4398,38.19567568,1,5,4,60.85055815,5,1
1292,38.19971754,2,2,10,59.11248497,2,0
3494,38.22176281,2,1,16,82.27949339,2,1
3826,38.22563363,1,2,1,73.54978044,2,1
5149,38.22889808,2,3,3,69.64934667,1,1
3234,38.23956767,2,5,23,73.42282239,0,1
6519,38.24761256,2,1,20,59.89717893,1,0
4515,38.30245174,1,4,19,73.12232204,6,0
9041,38.31036422,2,3,2,75.94213857,2,1
3665,38.32915573,2,2,4,88.26518536,0,1
6605,38.35431005,1,2,14,73.37805405,3,0
9921,38.36228325,2,5,17,62.99155263,2,1
7422,38.38728254,1,5,4,75.78730325,1,0
8892,38.40932736,1,2,11,79.92234862,1,1
8537,38.41482487,1,5,2,75.34446322,0,0
4219,38.42082709,2,3,8,75.19956,2,1
6648,38.42552923,3,4,23,73.04981626,7,1
2297,38.42604753,1,3,11,71.0472949,3,0
7503,38.44479343,2,1,9,76.65395161,0,1
7076,38.44673599,1,4,20,84.75947853,1,1
3221,38.44750155,1,4,4,88.82675872,4,1
8708,38.46134912,2,5,17,68.80877254,4,1
6623,38.48214703,1,4,20,69.46474875,2,0
9654,38.49079586,2,2,15,84.06927854,3,0
6735,38.50155716,2,5,4,81.83903833,0,0
5327,38.51463187,2,4,17,80.06000192,3,1
6178,38.55185674,3,5,11,79.72293137,0,1
323,38.5567768,1,5,3,64.37343866,2,0
1785,38.56177706,3,3,14,59.00093953,2,1
6689,38.5695057,3,4,7,55.24501063,3,0
7892,38.57502462,3,5,22,90.50403801,5,1
1089,38.5785604,2,5,23,86.00478285,2,1
6112,38.59908493,1,5,7,93.72145988,3,1
4969,38.60484585,2,2,22,87.03080593,2,1
9035,38.60643831,2,5,11,76.25386217,1,1
9579,38.6257238,2,5,7,65.53449629,0,1
1780,38.6257365,1,2,5,80.30654732,4,1
3148,38.62690023,1,4,6,69.62251484,2,0
596,38.63807015,1,5,21,94.21610797,0,1
5968,38.6595996,1,5,17,71.83281492,4,1
8773,38.66078519,2,2,5,52.96019159,0,1
1180,38.67380545,3,3,16,76.93039738,1,1
1415,38.71181521,3,5,7,74.69554525,1,1
201,38.72491348,3,5,6,77.29357656,3,0
379,38.72763014,1,4,2,70.77047901,3,0
3970,38.73705751,1,5,22,61.782713,4,1
9279,38.75160321,1,5,14,71.28732453,2,1
3889,38.76588953,1,5,4,74.45923379,3,0
4262,38.76707935,2,3,22,78.46188404,3,0
590,38.76929059,3,4,9,67.39546297,0,1
752,38.77230166,2,4,2,89.05699744,5,1
2814,38.77416621,1,4,1,65.14348357,2,1
6325,38.8103075,2,5,11,48.66694947,4,0
5896,38.82462394,3,2,14,67.41353939,2,1
4932,38.8308993,2,5,11,78.28064513,2,0
3462,38.85865282,1,5,20,76.23653182,1,1
3404,38.86142709,2,5,20,68.97809459,0,1
2196,38.86272173,2,2,1,73.36369767,0,0
3705,38.86358851,1,2,2,59.3193287,2,1
2358,38.86376326,1,2,1,87.10316764,0,0
9168,38.86834431,2,5,8,82.45077406,2,1
5172,38.87435828,2,1,23,53.54685378,1,0
2103,38.89691966,1,5,8,73.46015091,4,1
412,38.91615484,3,3,12,73.30267493,3,1
1254,38.93844935,1,5,16,69.54049452,1,0
8364,38.95706758,1,5,20,73.44780908,3,1
9858,38.98797109,2,4,2,66.72979276,0,1
100,38.99681911,2,3,24,79.16836749,2,1
9884,38.99687931,1,5,7,71.71080345,5,1
2355,39.02307494,3,3,16,78.34802307,4,1
3654,39.02614644,1,5,15,86.09719819,2,1
7175,39.02818672,1,5,13,63.53290417,1,1
4986,39.03104033,1,5,1,58.82719578,2,1
3913,39.03447188,1,5,23,72.01138774,2,0
5783,39.04279135,3,1,20,78.81845826,2,1
6014,39.12634779,1,5,15,77.51843397,2,0
2854,39.13647316,1,3,15,88.68070223,0,0
4642,39.14131382,1,5,20,58.38631049,1,1
8260,39.14260281,3,3,6,69.47024486,1,0
8088,39.1485133,3,2,19,74.3287452,5,1
7947,39.16832834,2,3,7,72.98305742,2,1
5447,39.19420995,1,5,11,84.3177637,3,1
1377,39.2016239,1,3,1,87.4334407,1,0
5756,39.21783422,2,5,8,77.71326873,1,0
3542,39.24869054,1,5,23,74.75322143,3,1
6190,39.24887385,3,5,11,81.16065279,0,0
669,39.24934462,1,3,19,73.0599798,3,0
4208,39.28736727,1,5,18,58.30256575,4,1
2894,39.29002495,1,2,7,82.95906747,2,1
9784,39.30100348,2,5,7,62.31646939,2,0
3452,39.33110736,1,4,10,78.78294483,1,0
9953,39.33163255,1,2,8,82.28659202,2,1
1400,39.41348884,3,2,5,86.92152106,3,1
846,39.44846784,3,4,4,54.22105667,1,1
8601,39.44893343,3,4,3,86.78645475,1,0
8319,39.46337921,1,5,21,84.01283312,5,0
9065,39.47282087,3,1,2,75.78102733,0,1
2604,39.48779061,2,5,9,79.17133848,1,1
7844,39.48921132,2,4,24,79.86674585,2,1
8023,39.49177151,1,2,1,76.23997362,1,1
8467,39.51769653,2,3,17,64.92788146,4,0
8655,39.52973412,3,2,7,75.07804458,3,0
3300,39.53166539,1,3,2,83.58665792,3,1
5813,39.53952061,3,4,11,57.31757049,0,1
7317,39.58224148,1,5,17,74.59128251,2,1
564,39.61748103,3,4,21,76.1385342,1,0
6946,39.63172484,1,5,21,89.3494355,1,0
794,39.63758917,1,2,15,87.54563024,0,1
5996,39.64014231,1,2,9,73.82227663,2,1
5055,39.64456268,1,4,18,75.06721418,2,1
3469,39.6613056,3,4,7,63.15656306,4,1
475,39.66975631,2,3,16,75.21964733,2,1
2696,39.68247867,3,4,12,68.7131622,0,0
3850,39.68937171,3,5,3,79.65630943,0,0
2987,39.69291424,2,2,21,76.18538958,3,0
5439,39.70511592,1,5,2,76.26033811,1,1
4571,39.71566143,1,3,4,87.04208004,3,1
7842,39.72128216,1,2,5,89.2153822,6,0
2713,39.72664116,3,2,1,67.61779223,2,0
4567,39.72976651,3,4,7,67.99130857,3,1
2493,39.73105854,3,3,21,77.13222268,3,0
5109,39.73500768,2,3,5,68.7090719,4,1
2878,39.7364085,1,4,15,81.97959458,1,0
1851,39.75498313,1,3,14,58.72190352,3,0
5450,39.76435794,2,3,9,71.48210777,1,1
5500,39.77700542,1,3,10,75.03168846,1,1
8117,39.78009059,1,5,21,67.44053316,2,0
5408,39.78067047,1,5,15,75.5437513,2,1
7489,39.7982359,2,3,11,70.752503,3,1
8911,39.79837604,2,5,13,63.76779938,5,1
3232,39.80426895,2,4,22,73.88561154,0,1
4141,39.82993401,1,5,18,87.77722274,0,1
4843,39.83158128,2,4,5,69.32552131,6,1
2820,39.84440801,1,5,5,68.97881804,4,1
5144,39.84689523,3,5,5,77.5191995,2,1
5840,39.85255757,1,5,19,96.98964115,3,1
67,39.85539037,2,2,8,69.00075829,2,1
2666,39.86795185,1,2,8,77.27416191,3,0
5111,39.87954211,3,3,10,81.01823233,3,0
73,39.87960086,1,5,22,83.97638875,0,1
1313,39.90214746,2,2,1,71.69895433,2,1
78,39.90412954,1,4,9,89.76170977,2,1
2615,39.9175522,1,5,21,86.565122,2,1
1110,39.9468936,1,3,3,73.68103599,2,1
3208,39.96446044,1,5,8,79.94276933,1,0
1598,39.96975174,3,3,17,73.60562138,1,0
9939,39.98363151,1,2,20,91.50716457,4,1
5638,39.99896354,1,5,9,83.2186138,3,0
8976,40.00841006,1,5,15,78.67835682,1,1
431,40.01199962,3,5,2,75.52606579,3,1
7851,40.01279555,3,3,18,67.04590544,3,1
9717,40.03503267,1,5,3,56.00072858,3,1
3318,40.07220265,2,5,5,66.37378163,2,0
9980,40.07585386,3,2,4,77.02629942,2,0
1519,40.10933994,2,3,19,68.21913108,1,1
223,40.12375651,1,4,20,71.5641585,0,1
2007,40.1363141,1,5,19,78.35325846,2,1
5980,40.14523792,3,2,18,74.68769862,2,1
8111,40.16920927,1,5,1,79.55996796,0,0
1450,40.18352014,3,3,7,64.90300477,1,0
9223,40.22080474,1,3,7,75.98179846,2,0
5979,40.22083744,2,2,7,67.73806609,0,0
6148,40.2598615,3,2,19,66.98335186,0,1
3239,40.26272198,2,2,9,81.55987521,1,1
8760,40.28123782,3,3,15,86.35058888,2,0
7096,40.28641969,1,4,16,73.44578871,2,1
6695,40.29908619,3,2,18,66.77952152,5,0
7032,40.30352292,2,3,12,77.99458777,1,0
7566,40.313994,2,5,8,65.8593548,5,1
8198,40.32999218,1,5,6,76.28678486,3,1
4087,40.33961955,3,5,5,75.27832875,2,1
2802,40.34242907,3,2,19,58.77008101,2,1
7299,40.3513766,1,5,13,85.30537143,2,0
7540,40.37497818,1,5,11,66.29279885,2,1
9621,40.40470911,1,4,9,69.11601857,3,1
9411,40.41242924,2,5,24,74.23516151,4,1
6622,40.45198574,3,5,24,75.23238207,2,0
3890,40.46872348,2,4,24,77.78625395,4,0
4578,40.47207157,3,3,10,77.25719189,2,1
8246,40.48523056,2,4,12,89.64880496,3,0
7059,40.49129657,1,5,4,84.5466969,1,0
553,40.49316025,1,2,10,69.78983152,1,1
4995,40.50191928,2,5,1,56.67357151,3,0
6877,40.51300331,2,3,2,76.63369678,2,1
6236,40.52402176,1,3,18,68.27494481,1,0
6890,40.52584737,3,1,16,80.56934768,1,1
8151,40.5344327,1,5,2,79.48246117,4,1
6904,40.54430712,3,4,2,68.43775322,5,0
5987,40.56616924,1,5,20,71.9955497,1,0
8147,40.58696338,1,5,9,72.80986791,2,1
7707,40.59726386,3,4,20,97.52670031,5,1
5901,40.63708072,2,1,14,69.18444354,2,0
3240,40.64281275,1,5,17,76.07388202,2,1
9594,40.65277892,1,5,4,90.81757228,3,1
4007,40.65367715,3,5,10,79.91728456,1,1
1568,40.67376583,2,4,16,77.96060568,4,0
9383,40.67569237,1,5,21,68.18101197,1,1
9889,40.67917556,2,5,11,81.73684223,3,1
2407,40.70129096,2,3,20,72.87667697,2,1
1483,40.73119721,3,2,18,54.17334547,3,1
6079,40.7322776,2,3,8,71.8179332,1,1
1837,40.73272351,3,5,13,84.11911454,5,1
2154,40.76857164,1,4,4,56.90731143,1,1
314,40.80654918,2,3,24,68.73300815,4,1
1319,40.82120815,1,2,19,96.3937209,1,0
1098,40.82537558,1,4,18,68.21762144,2,1
9943,40.84000654,2,4,7,87.19822096,4,1
6489,40.85203861,2,4,8,78.10118375,0,0
4258,40.85672614,1,2,3,70.54802803,1,0
214,40.86017336,2,3,9,79.86962268,3,0
1351,40.86719393,1,5,13,80.82150858,0,1
2205,40.87597647,2,3,22,84.79697713,3,1
853,40.88903769,2,5,24,61.90606487,2,1
5913,40.89778949,2,5,23,79.772662,1,1
8559,40.91165363,2,4,2,64.65505722,1,1
160,40.91315442,3,1,2,57.69899593,2,0
7412,40.91798283,2,2,1,95.48304565,4,0
4814,40.9187687,1,5,7,80.73274319,2,1
4353,40.93108335,3,5,7,85.55922058,3,1
5083,40.94217908,2,4,21,57.6437455,0,1
471,40.95276883,2,5,8,79.92853714,3,1
8035,40.95360386,1,4,3,78.24466157,2,1
9274,40.95611631,2,1,12,57.39033135,1,1
7004,40.96714277,3,4,15,63.97396784,2,1
5532,40.96903541,2,2,13,68.40251496,0,1
1594,40.97617675,1,4,8,77.10078783,1,1
8236,40.97776458,2,4,15,67.30184233,3,0
2775,40.9785176,1,3,10,58.97233544,1,1
3006,41.00994306,2,3,19,74.91226701,1,0
1998,41.0278691,1,5,2,67.27293866,1,0
9724,41.09088557,1,5,14,79.54504207,1,1
6639,41.09825267,1,5,18,73.37243074,3,1
1648,41.10874808,2,3,4,68.65362822,1,1
1770,41.11277759,1,3,8,75.57386867,0,1
2327,41.11889196,2,2,12,84.77920841,0,1
9901,41.14185226,1,5,4,77.36343238,1,1
5505,41.18458598,2,3,22,71.58935373,1,1
4207,41.20084487,3,1,15,66.98943847,2,1
9956,41.21817976,1,4,7,62.42805885,4,0
6819,41.21899326,2,4,9,80.01585047,1,1
3361,41.22082831,2,5,3,70.95276709,3,0
4350,41.22456797,2,5,17,76.95686869,4,1
6245,41.22875865,3,4,14,86.69028827,3,0
166,41.23159173,3,4,17,76.57907889,1,1
917,41.2411915,1,5,21,93.88737438,3,1
9357,41.24689776,1,5,18,79.84611993,1,1
2757,41.25661948,3,5,8,77.80449647,3,0
9032,41.27329086,1,5,5,82.77975215,2,1
1892,41.28728494,2,4,8,59.98129184,1,0
4959,41.30449108,3,2,7,85.65274188,4,1
2631,41.31479606,2,4,20,68.40303776,2,1
8550,41.32455411,1,3,7,75.75807556,4,0
8899,41.328541,1,5,15,88.69293535,1,1
2568,41.34304973,1,4,18,91.30108365,3,0
716,41.34745195,1,5,7,79.33868558,2,1
832,41.35049616,2,4,10,75.83551963,2,0
8281,41.36041763,2,3,6,87.75419837,2,0
213,41.38834977,3,5,22,75.03009886,4,1
8216,41.38900922,1,5,24,79.5698226,1,1
766,41.39041304,2,2,2,70.04971895,1,1
2033,41.42388306,1,4,12,86.92858882,2,0
3998,41.42848256,2,3,2,88.90777081,4,0
9329,41.43212223,2,4,10,79.2491792,1,1
1601,41.43772106,3,5,22,70.18826936,0,1
4461,41.44188632,1,5,8,83.00356855,3,1
9492,41.45619761,3,4,8,79.3155681,4,1
4573,41.49395815,1,5,20,62.97635555,1,0
9423,41.50005066,3,3,16,88.81918565,1,1
3360,41.50058502,3,5,8,72.1109755,1,0
7382,41.51121389,1,2,18,82.70681426,2,0
3257,41.52469803,1,3,10,83.10997339,4,1
3715,41.52809362,2,4,1,69.27882672,5,1
9198,41.52845039,1,4,4,80.58171745,1,1
5759,41.53711773,1,5,14,72.21546176,2,1
9007,41.58623685,1,2,21,57.5180954,1,0
5708,41.60682404,3,1,1,73.31520213,0,1
104,41.62556593,2,4,7,89.22644717,5,1
92,41.65000333,2,4,14,57.84855766,1,0
8166,41.65239214,1,4,22,75.583345,3,1
1424,41.67186662,1,2,17,71.08818824,3,1
4795,41.7057239,3,3,2,67.60297297,0,0
4037,41.70873155,1,4,18,66.36502317,1,1
565,41.70877241,1,5,5,87.33520563,1,1
35,41.71828456,1,5,18,79.46495753,5,1
5191,41.71848917,1,3,17,78.68488948,0,1
5005,41.74139301,2,5,21,72.89934056,4,1
8611,41.74397974,1,5,5,71.97718382,1,1
4342,41.75919926,1,4,11,79.14307588,7,1
2665,41.77145616,1,5,2,73.19910464,1,1
9518,41.77536304,2,5,20,76.37551578,3,0
5724,41.78546066,2,1,6,73.98016884,0,0
8478,41.78799146,1,5,21,81.89559951,3,0
5976,41.7973556,1,3,12,75.51743995,2,1
6476,41.80312249,3,5,17,90.28312269,3,1
9828,41.82723804,2,4,17,82.92749171,4,0
8860,41.83836833,3,3,1,74.6146799,0,1
2931,41.84465166,2,1,13,79.88082906,3,0
4427,41.87957726,1,3,20,53.60709517,0,1
102,41.92055212,1,5,20,58.26562281,1,1
5692,41.92790745,1,2,10,93.87964194,4,1
5468,41.93171662,1,2,6,72.83812684,2,0
6188,41.94660929,2,3,11,75.26374549,2,0
512,41.95168116,2,2,24,82.85791565,1,1
2768,41.95453998,2,2,1,67.94634437,2,1
327,41.96506456,1,2,21,73.21710149,2,0
9597,41.96559141,3,1,3,65.92521911,1,0
4462,41.98228454,3,5,19,68.9101377,10,0
1882,42.01073244,1,5,7,85.44735856,0,1
9846,42.01897761,1,5,18,60.14308747,2,1
3036,42.0385128,1,5,2,53.61769899,2,1
7182,42.08590366,1,5,4,58.20943349,2,1
1219,42.09388983,1,2,11,76.76293772,1,1
651,42.09469358,3,2,15,78.16984449,0,0
4597,42.10268783,3,4,14,73.44862633,3,0
8143,42.10597339,2,2,3,76.51852226,1,1
7297,42.11416488,3,3,13,65.88803858,3,1
9099,42.12067532,1,5,1,84.91861341,2,1
9660,42.12673857,3,5,17,88.63654821,1,0
7517,42.15143919,2,5,14,95.26124596,0,0
1697,42.19915613,1,4,1,80.03103953,1,0
2328,42.21463348,1,5,2,80.77652381,0,0
6384,42.21561567,1,5,14,75.3569231,0,0
238,42.21581924,3,3,16,66.67595407,2,1
9962,42.23124096,1,4,18,80.20554732,3,0
2642,42.23883132,1,5,11,75.43287946,2,1
3657,42.27179981,3,5,20,70.75719797,1,0
5123,42.29161887,3,2,1,73.97651877,1,1
168,42.3048221,2,5,15,82.78181979,3,1
4237,42.30775463,1,5,3,80.6219513,0,1
3953,42.31154861,2,5,2,76.48806999,1,1
4519,42.42119713,2,5,12,82.09557596,0,1
9851,42.43335141,1,5,7,84.28077876,2,1
7999,42.44874888,1,5,5,68.28272569,2,0
8459,42.4517438,3,5,24,69.60263774,1,0
9731,42.45218572,1,5,3,63.44054441,0,1
9459,42.46627169,3,4,17,81.38670439,3,0
463,42.4679551,1,5,22,78.95044772,6,1
4747,42.47236534,2,5,23,94.87509882,1,0
2425,42.48205856,2,3,5,72.0117245,3,1
9800,42.48491416,1,5,1,77.29161849,4,0
6328,42.55269319,2,2,9,93.13867571,5,0
3401,42.56949921,1,3,4,69.75422309,3,0
308,42.59600745,1,3,16,73.39222061,5,1
6492,42.62008143,2,4,24,74.90623094,1,1
6979,42.64083707,3,2,6,81.77861465,1,1
9291,42.65206664,2,5,9,60.87230326,1,0
5682,42.65622228,1,3,21,82.76235435,2,0
9880,42.65889427,1,2,18,55.64676624,3,0
3,42.65906625,1,3,19,70.15322825,1,1
7064,42.65930239,3,3,8,72.74542212,3,1
7830,42.66272595,1,5,13,70.96046786,1,0
7101,42.67747118,3,5,16,79.1195218,4,1
1255,42.68981492,2,1,2,49.9390423,0,1
5854,42.69776863,2,1,9,67.66157874,1,0
2508,42.70382584,1,4,14,82.04106736,2,1
3675,42.70588071,3,5,19,72.63294596,2,1
1520,42.70597568,1,5,10,76.30168085,1,0
9366,42.71758074,1,2,5,86.51863043,1,1
8284,42.7328802,1,4,21,81.88144553,1,1
9499,42.76455059,2,5,5,85.3899219,1,0
2192,42.76722764,2,2,10,77.2551892,2,0
9788,42.7852509,2,5,12,79.07936288,1,1
9926,42.78819733,1,2,19,72.91219253,1,0
7179,42.79705462,2,3,7,86.67742013,1,1
6974,42.798216,1,3,18,74.02106604,0,0
3689,42.81236162,1,5,12,64.82700852,0,0
7736,42.81984447,2,5,22,52.87285547,4,0
4488,42.83918571,1,5,18,85.18747985,2,0
3311,42.83929465,2,3,14,71.85865768,2,0
7191,42.84418656,2,3,22,77.38766501,3,1
7395,42.87420365,1,3,16,95.39147802,1,1
248,42.87588319,1,5,10,70.44442721,3,1
4056,42.88022791,1,2,13,94.13239014,0,1
273,42.88674056,1,4,3,71.59014504,2,1
3199,42.92201854,2,1,2,85.06919548,2,0
6065,42.93054527,3,2,21,65.73592647,4,1
7620,42.97042146,2,1,2,80.11886398,5,1
7423,42.97386634,1,2,21,79.28293846,3,1
5792,42.98260348,1,5,19,59.3093467,0,1
3215,43.01022023,2,2,17,100.3003761,1,0
7528,43.01395609,2,3,10,86.45335417,1,1
6170,43.02633336,2,1,8,73.7140598,2,1
8508,43.02853092,2,3,21,69.07182495,1,0
3595,43.03053409,2,5,22,67.4156304,5,1
6858,43.03189089,1,4,16,80.57731491,0,1
1964,43.03624747,3,5,13,69.02195309,2,1
7797,43.03746765,1,4,12,72.32742642,0,1
7114,43.05548033,2,3,20,81.02490244,2,1
8513,43.05862655,1,5,21,81.44591278,2,1
1072,43.06515234,2,4,7,77.20190234,0,1
4058,43.08691535,1,5,11,78.41509851,2,1
5709,43.11330743,1,3,8,62.85589143,2,1
516,43.13358374,1,5,20,86.44458659,1,0
3855,43.13998043,2,1,14,71.0812639,0,1
4683,43.18158565,2,4,3,72.04551271,0,0
7392,43.18216387,1,3,19,71.44887244,4,1
1645,43.19951255,2,5,16,75.28866218,1,1
476,43.21089519,1,2,14,77.70630248,2,1
8086,43.22863646,1,2,16,61.19199539,0,0
3042,43.2356165,1,5,23,60.99766096,2,0
4924,43.24272659,3,3,3,82.02269616,0,1
1020,43.24984444,1,3,4,65.21994379,1,0
8582,43.25722783,2,2,18,82.25170905,1,0
9924,43.26679104,2,5,19,85.359449,0,1
890,43.2970872,2,3,13,101.7663708,2,1
5985,43.29893074,1,5,10,75.47357801,1,0
5105,43.29949956,1,5,16,68.8913703,0,1
9135,43.30636293,2,1,11,68.32529405,1,1
3967,43.31837316,1,5,17,83.83169738,3,1
8002,43.32438121,1,5,19,78.45717296,4,1
3423,43.35506006,3,5,23,73.55297286,2,1
9121,43.36025049,1,5,24,93.83902608,1,1
163,43.36456155,1,4,8,64.9388784,1,0
4921,43.37484781,2,4,17,77.37264914,2,0
7890,43.39823637,2,3,7,78.95541115,1,0
5422,43.39977497,2,5,14,70.34928232,1,0
7098,43.41359449,2,1,22,80.05276919,1,1
455,43.45658638,2,2,6,68.03293454,0,1
6090,43.45797473,1,5,2,83.16586808,1,0
7060,43.46980441,2,2,8,77.97291094,1,0
2299,43.46997083,2,5,6,70.95207336,0,0
824,43.47404248,1,3,21,73.44059637,2,1
6556,43.47585421,3,5,3,88.35995678,4,0
6515,43.47907142,1,4,13,68.04430891,3,0
62,43.4798452,1,5,2,68.7124796,0,1
5445,43.48850392,2,3,20,66.25485552,3,1
7718,43.50164501,3,4,21,88.61415762,3,1
7570,43.50626299,1,2,20,82.86165078,2,0
7829,43.51141179,1,4,14,90.75019505,3,1
9266,43.61825863,1,4,1,84.76556325,1,0
3313,43.63525911,2,5,11,79.22175952,2,1
2949,43.64594173,3,3,8,82.13170646,1,1
1511,43.65189096,1,2,12,59.74526616,5,1
9834,43.66791846,1,5,14,77.77154553,3,1
288,43.67192982,2,4,3,70.08432952,0,1
5727,43.67660436,1,4,17,67.34968905,1,1
5143,43.69133421,1,5,16,76.00892253,3,0
4516,43.69970097,1,5,10,63.09315153,6,1
9575,43.70591161,2,5,22,60.44557639,3,1
4126,43.71311542,3,3,18,85.53493995,2,0
7787,43.73116811,1,5,19,73.08132718,1,1
1041,43.74653395,2,4,1,83.23528068,4,1
9489,43.76123936,3,5,5,74.82238583,0,1
5796,43.76653668,1,4,14,87.06368402,1,1
1355,43.78519154,3,1,13,73.32429292,2,1
8574,43.7928414,3,4,15,69.35784237,2,1
5669,43.79696796,1,3,3,84.16218628,1,1
4725,43.79753968,2,1,23,68.05064754,4,0
8810,43.82672907,3,5,9,76.42579401,1,0
3639,43.85150244,2,3,24,62.89843203,4,0
4457,43.86363635,1,5,2,77.79740075,0,1
8101,43.86972759,3,5,19,82.26720006,3,1
1084,43.89593998,1,3,10,73.26669149,1,0
7581,43.89970516,3,5,2,94.54117814,4,1
4592,43.90008185,3,4,13,56.61272505,2,1
8282,43.92089461,1,5,24,79.93597462,6,1
8390,43.94799348,2,5,20,79.87770422,3,1
4905,43.96602255,3,5,9,71.33790923,2,1
8736,43.9829377,2,1,12,86.8754357,2,1
9049,43.99015736,1,5,23,66.6864553,1,0
6273,43.99563408,1,5,4,65.63453438,2,0
8631,44.00131971,2,4,5,87.88942119,1,1
5025,44.00174638,1,5,6,72.1251352,4,1
3974,44.00274527,1,2,20,73.94753533,2,0
9634,44.00456014,2,1,17,80.22325444,2,0
9596,44.02651336,1,4,9,95.27376018,1,0
1317,44.04382426,2,5,23,72.35483847,0,1
2382,44.06964332,3,1,22,71.34844697,1,0
8844,44.09944014,1,5,23,73.31349532,1,1
467,44.12074309,3,5,18,61.99471015,3,1
4421,44.12393405,1,3,21,94.15945128,0,0
2579,44.14018194,3,5,6,78.60974427,1,1
8701,44.15989767,3,4,23,68.87322571,2,1
5929,44.16819211,3,1,15,83.05492782,1,1
1298,44.21663437,2,2,23,62.05860129,0,0
3671,44.21915983,1,5,1,79.59138134,2,0
8507,44.22184298,1,4,15,86.41959176,3,1
2808,44.22394385,3,5,10,74.269841,0,1
1683,44.2293642,2,5,13,99.21181812,1,1
6169,44.25529173,3,4,7,71.12967865,2,0
2195,44.26501301,1,5,24,75.69561193,1,1
7678,44.26984451,2,5,4,67.20973895,2,1
4140,44.27555251,1,5,12,83.28812374,1,1
5723,44.31061722,2,3,4,80.74795309,3,1
4175,44.31446122,1,2,20,85.44577279,2,0
875,44.33289579,2,2,21,60.27997596,4,1
1797,44.34961272,2,1,15,83.1072098,3,0
680,44.35700096,2,3,12,95.65300495,2,0
4099,44.36070163,1,3,4,88.5652878,1,0
8523,44.37067527,1,5,17,65.31015876,0,0
1831,44.38522322,1,5,5,83.01153956,2,0
916,44.38880725,2,5,4,67.15062797,4,0
8255,44.39592348,2,4,20,74.61570603,2,1
4239,44.41629259,1,4,5,81.05464476,3,0
8218,44.41633486,1,5,11,76.69919418,2,1
81,44.42088486,2,4,23,55.18651587,0,1
6243,44.42478255,3,3,24,46.99680282,0,1
9229,44.43497914,1,5,19,84.91523724,5,0
8209,44.43500021,2,5,20,59.70058185,1,1
4886,44.45108529,1,5,23,84.66089008,2,1
8427,44.46466776,1,5,8,54.29379627,4,0
2057,44.49223297,3,1,8,76.09628191,3,1
1939,44.51112576,3,2,10,82.96188241,3,1
897,44.53161217,2,3,20,75.66384757,1,1
3840,44.54101577,2,5,12,74.36562241,4,1
9405,44.54323886,1,3,3,91.41080314,2,0
5557,44.54680264,1,5,5,62.22467213,2,0
585,44.55392152,3,5,22,63.93100052,2,1
939,44.55499899,1,5,21,66.41488005,2,0
2864,44.56277732,1,5,15,73.28000776,3,1
7185,44.56769142,1,2,19,70.80972662,2,1
1490,44.57545633,2,4,13,76.98866999,0,1
1418,44.57558932,1,5,23,78.82067838,2,0
8728,44.58301777,3,2,19,75.99932747,2,1
4649,44.6221288,3,5,24,72.82600235,3,1
8809,44.63673271,2,4,21,64.98696226,1,1
1066,44.63776426,1,2,21,72.30850677,1,0
4675,44.64863175,2,1,3,79.5003671,2,0
5159,44.65176469,1,5,22,79.78726333,0,1
8175,44.65249105,2,5,19,88.55969399,0,0
5871,44.6626967,1,5,4,79.57462427,1,0
7077,44.68994227,2,3,9,88.02902249,1,1
6288,44.69994762,3,4,12,72.8498933,2,1
5204,44.70084416,2,5,12,64.07357006,1,0
4906,44.71430832,1,5,21,76.4004517,1,1
3304,44.71878924,3,3,18,85.76835855,4,1
4190,44.74497889,1,5,2,81.77269913,0,0
5360,44.75920646,2,5,9,71.52029457,5,0
3330,44.77738877,1,5,14,82.48686438,1,1
1196,44.81669218,3,4,2,57.11003795,3,1
9633,44.82779915,1,5,24,64.63807379,1,1
3110,44.83222788,1,5,19,78.80992979,1,0
3872,44.8373227,1,5,17,85.93670212,3,0
1271,44.83772794,2,3,13,74.45066846,1,1
5554,44.84771975,1,5,13,67.11131885,1,1
4659,44.84954559,1,5,3,88.3119687,3,1
5470,44.85613147,3,4,19,74.24066091,0,0
4078,44.8656174,3,1,7,58.15510348,1,0
1567,44.88105564,2,4,6,66.0289422,2,1
2200,44.88107034,1,4,12,89.80454573,2,0
4629,44.88399697,3,1,10,66.95134986,3,1
9522,44.8886862,2,5,9,88.91333005,1,0
4682,44.89800522,1,4,8,69.64328431,2,0
9062,44.90416506,2,3,19,69.06093652,0,1
8895,44.94830097,1,5,15,77.99570249,1,0
2606,44.9584129,1,3,18,66.96905887,5,0
6504,44.96873625,2,1,1,66.54767747,1,1
5045,44.98026528,1,3,4,70.02467841,3,1
3648,44.98054383,1,4,11,68.52474303,2,1
894,44.99392248,1,5,14,68.42435191,5,1
5265,44.99746724,1,5,6,96.40436018,2,1
7855,44.99765386,3,3,8,83.55852276,2,1
5931,45.00940034,1,5,1,57.79308835,1,1
2296,45.01901002,1,5,20,80.53469805,1,1
3244,45.03678814,1,3,1,86.66562148,2,1
3709,45.03682848,1,5,18,91.55990682,3,1
8548,45.03876439,2,3,5,71.9320962,2,1
3320,45.05120722,1,3,11,78.57955298,2,0
6224,45.05128653,3,4,19,72.37205632,2,0
4112,45.05254667,1,5,9,70.14406167,2,0
5767,45.05903006,1,4,20,84.04134959,1,0
4964,45.06219357,1,5,13,66.68334125,6,0
7305,45.07603013,3,5,21,76.67724078,1,1
1027,45.09150636,1,5,14,70.47298582,6,0
921,45.10679899,2,3,10,99.47907411,2,1
4303,45.13046521,1,5,7,80.52405239,1,0
7643,45.14234434,3,2,4,72.09083461,4,1
9665,45.16357767,3,4,11,74.56088327,4,1
6911,45.16893669,1,4,1,77.12631903,1,1
5750,45.16984434,2,4,2,65.11101037,3,0
2218,45.17586563,1,5,13,80.87178376,3,1
115,45.21051281,1,4,17,81.95019791,0,1
5821,45.21364093,2,5,4,81.46877361,4,1
1241,45.21886589,1,5,1,83.45223313,1,1
4804,45.2394996,1,3,11,80.65930284,2,1
5007,45.25100396,1,4,18,80.27227988,1,1
3099,45.2575987,1,5,12,86.69809438,0,1
8756,45.26174383,3,2,1,72.20669456,3,1
3032,45.28202993,1,5,10,67.0700713,1,1
9540,45.28827315,2,5,16,83.82606742,1,1
2140,45.29436935,2,5,6,65.62572614,3,0
4868,45.2971577,2,5,19,71.16940996,1,0
3395,45.30174165,1,5,23,70.69650761,4,1
4365,45.32292852,3,5,15,77.60401556,4,0
770,45.34903978,1,5,6,87.39238898,4,0
7235,45.35068946,2,2,9,74.77990925,1,0
6100,45.37295191,2,5,14,89.08005621,4,1
9104,45.37614083,1,4,23,83.64935304,0,0
4387,45.37618744,3,5,23,67.08873167,2,1
3752,45.38104184,1,3,22,81.03719957,2,1
4743,45.3854739,1,5,5,80.36531594,2,1
7932,45.39799251,1,3,17,74.32818805,2,0
2409,45.40808407,1,5,2,62.59322439,3,1
9481,45.42369368,2,2,24,61.20610769,2,1
1710,45.42999049,2,1,14,73.92890596,3,1
4874,45.44350221,1,5,19,78.79217768,2,1
9996,45.46483318,2,3,9,82.75024368,2,1
4024,45.46709024,1,3,20,86.47092495,6,0
2285,45.47408822,2,2,13,56.53677736,1,1
1302,45.49828831,3,2,20,62.86994339,3,0
2944,45.50320684,3,5,20,71.83249034,2,1
3059,45.50573777,1,5,4,78.39539894,3,0
9491,45.52169923,1,4,15,74.17505914,2,1
2887,45.53719652,1,5,16,86.15473214,1,1
2951,45.55317224,3,3,12,97.35435589,1,0
9149,45.55362308,1,5,9,77.05546516,1,1
8925,45.55569285,1,5,12,72.89446669,2,0
2798,45.56151518,1,5,20,58.61745937,2,0
404,45.58133553,3,3,14,81.48206834,7,0
8302,45.60480556,1,5,10,83.0851931,1,1
6914,45.60647072,1,2,20,73.01145326,0,1
8531,45.63325797,2,4,6,77.48318262,6,1
3553,45.65392404,1,5,3,76.89238893,3,1
4222,45.68901478,1,4,8,68.26706802,1,0
979,45.69290791,1,4,23,69.62464619,2,0
1153,45.7042207,2,4,7,82.8028141,2,1
7598,45.71518833,2,3,16,59.19735037,2,0
4654,45.7385105,2,4,15,72.31218386,3,1
7993,45.7586558,3,3,23,79.59598261,1,1
1791,45.76878316,3,5,9,68.59970988,3,1
7214,45.78092851,3,1,18,70.60953133,2,0
2939,45.795451,2,3,16,64.92267303,3,1
8219,45.82449931,3,2,2,61.72023518,0,1
9645,45.85520114,1,3,17,84.43320217,0,1
2966,45.86591106,2,3,15,78.02051928,4,0
8901,45.86807236,3,3,10,85.5045391,3,0
7960,45.87533787,1,5,16,69.40457969,1,0
9106,45.88141764,2,3,10,65.60851986,1,0
4970,45.89606567,1,5,16,67.37685592,2,0
3067,45.90804844,3,5,1,69.82143733,1,1
9551,45.92821261,1,5,19,70.86248272,3,1
4426,45.93802749,2,3,24,69.1838642,1,1
9002,45.96236938,1,4,12,80.29590361,0,0
629,45.96425178,2,4,14,77.70117896,4,1
7057,45.97411127,1,5,5,47.40194786,0,0
8778,45.98153091,3,3,10,49.02457017,1,1
6686,46.0090928,1,3,23,93.92033399,1,1
5446,46.02022936,1,5,21,75.14117429,1,0
710,46.04176486,1,5,6,75.20108601,3,1
3778,46.0483573,1,3,4,74.37459811,2,0
7484,46.04908047,1,5,4,73.91566208,1,0
124,46.05441163,2,4,19,78.95739231,3,1
432,46.07026688,1,5,15,96.5364486,3,1
3621,46.07249554,1,5,24,51.22948911,1,1
9682,46.07313131,3,5,23,62.15417364,1,1
2460,46.07708373,1,4,24,73.88568927,1,0
6600,46.08107214,3,1,20,84.89740311,3,1
1975,46.11050629,3,1,19,84.66169216,1,0
4666,46.13288502,1,4,9,73.11961168,2,0
8737,46.13489072,3,4,22,85.763266,3,1
208,46.13820462,2,4,12,79.05129664,1,1
3183,46.13934232,1,4,13,92.71134974,2,1
8361,46.14545426,1,3,10,70.27346348,0,0
2286,46.15756728,1,3,20,65.1915084,2,1
114,46.16535787,2,2,1,72.29850139,1,1
3170,46.22304894,3,2,23,78.97774846,0,1
4389,46.26116501,1,4,8,65.79418208,1,1
4652,46.26451071,2,4,11,68.4149805,3,1
7091,46.26508738,1,5,14,68.07318244,0,1
5959,46.27390041,3,5,17,74.89283036,0,1
6716,46.27950832,1,4,1,79.66741068,4,0
3447,46.29612262,2,5,15,88.93966151,2,1
9677,46.29948565,1,4,23,94.16742548,1,0
8452,46.30198379,2,3,14,67.79857117,2,1
7629,46.3122583,1,5,6,64.32486442,1,1
3303,46.31820166,2,4,10,71.1729564,1,1
4496,46.32219763,2,5,23,79.46368424,0,1
3756,46.35889396,1,4,8,88.41216842,1,1
3926,46.37185593,2,4,13,66.83648668,2,1
3893,46.3900527,2,4,14,80.31054409,2,0
6057,46.42612816,2,5,15,72.30611668,2,1
5195,46.4517366,1,5,16,74.92116794,1,1
5802,46.45491052,1,3,7,83.36090746,0,0
9891,46.47936801,1,5,13,57.89567679,1,0
5151,46.4794845,3,5,14,62.55234855,2,0
7783,46.4838099,3,5,16,76.18414953,4,0
9967,46.4890096,1,4,23,82.71171816,3,1
6808,46.51305624,2,5,9,70.87620207,1,0
6862,46.51609904,1,3,4,63.36462052,1,0
2663,46.52136944,3,1,19,74.00879949,1,0
9145,46.52166154,3,5,20,78.95277918,0,1
4339,46.52792837,3,5,18,74.17550369,0,0
9934,46.58461403,1,4,9,78.98605178,6,0
6290,46.59115645,2,1,4,88.09467144,5,1
1987,46.60756247,1,4,7,94.96319639,2,0
54,46.65870316,2,2,5,66.24704564,2,1
4606,46.67267964,2,4,2,74.69824095,0,1
8723,46.67400985,2,5,18,90.55301407,4,0
8673,46.68186527,2,5,18,73.21685386,3,1
5933,46.69204686,2,5,14,77.8950119,1,1
4742,46.70563617,3,3,2,87.86730434,0,1
2416,46.71190112,2,5,22,55.64929408,2,1
9563,46.71317758,1,5,20,61.44666655,2,1
6247,46.72557126,1,3,12,92.35930103,0,0
1782,46.75198129,1,5,19,65.97457307,2,0
9284,46.75477833,1,4,7,74.76920149,2,0
9598,46.77700288,1,5,20,60.03638519,2,1
6511,46.78705813,3,3,10,79.73432159,1,1
2151,46.80317824,2,4,12,73.11735757,1,1
9037,46.81231869,1,5,4,77.22321463,2,0
3150,46.82179387,2,5,16,87.83328627,4,1
1231,46.83095803,2,5,24,57.55479624,3,0
9136,46.85991785,1,2,23,58.81200569,1,1
2610,46.86311735,1,5,20,67.90964416,1,1
191,46.86914565,2,5,7,88.54320916,2,1
8772,46.88616659,3,1,3,75.75635379,0,0
8182,46.88784491,1,4,12,73.32358202,1,1
1657,46.89305876,1,5,24,82.25362001,2,1
6109,46.89528239,2,1,4,71.45563043,2,0
7888,46.91422932,1,2,23,80.46416683,4,1
4700,46.92136636,1,5,20,51.82977324,2,1
1691,46.93454088,2,4,15,56.40790604,0,0
8966,46.93747599,2,1,12,64.58826331,1,0
5827,46.95092396,2,3,2,90.46488713,4,1
6451,46.96436746,2,4,9,88.20432623,0,0
2091,46.97959903,3,5,11,76.37577316,3,1
4938,46.98087971,3,5,6,66.53657616,1,1
9199,47.00899634,3,2,5,75.28428764,2,1
6664,47.01976854,2,5,1,62.53942778,4,1
4202,47.02582494,3,1,2,78.56255932,4,1
8303,47.0326158,3,2,20,83.94360282,2,1
4780,47.06531561,1,4,20,72.54491146,3,1
6083,47.0830696,3,2,10,46.45304092,2,1
1203,47.09088601,3,5,14,65.99861342,0,0
1517,47.09418519,3,3,21,65.13212317,2,1
7127,47.11663424,3,4,24,89.68198913,3,1
1616,47.12842288,2,3,1,70.59258028,2,0
9920,47.16696431,1,5,17,80.46377518,4,0
8584,47.17057098,2,5,14,63.23437559,1,1
9843,47.21147304,2,5,20,84.35183028,2,1
8712,47.21899829,2,3,8,88.99465133,1,1
8373,47.23586889,2,4,13,79.74143086,3,0
3343,47.24174469,1,5,11,73.77272857,0,1
3056,47.28058923,3,4,20,77.00389435,2,0
7518,47.28734588,1,5,8,75.27201993,3,1
4481,47.29412763,2,5,2,81.44388725,3,0
8910,47.30913657,2,5,6,67.23323396,4,1
7951,47.332282,1,5,19,77.96723354,0,1
329,47.33631081,1,5,5,79.82514482,2,1
7508,47.34017435,2,4,24,76.1712234,0,1
1290,47.3642274,1,4,20,86.7543793,3,1
7991,47.36734979,3,5,11,61.43375603,2,0
5686,47.37737977,1,3,10,77.46940233,5,1
5567,47.38065458,2,5,17,78.90524209,1,1
3331,47.3998858,1,5,11,89.17285983,1,1
3784,47.40890406,2,3,8,65.9298013,3,1
9024,47.42977269,1,3,5,83.88709398,2,1
8184,47.43137552,2,3,17,84.94538285,0,1
3372,47.43219949,1,5,1,55.49058618,0,1
2456,47.44161486,3,3,12,80.80628615,1,0
7087,47.44675547,2,3,17,81.30511212,2,0
6075,47.45676161,1,5,10,67.3275459,1,1
5977,47.51536309,1,5,6,75.40646672,0,0
2958,47.53217292,2,2,20,100.1882381,3,1
1148,47.5349784,2,2,8,68.55023164,0,1
3258,47.54514722,2,2,23,74.78409262,1,1
1307,47.56004647,1,3,4,77.30970073,2,0
5331,47.56084316,3,4,20,86.96321238,1,1
5981,47.56622214,1,5,20,78.39015069,1,1
4238,47.56870777,3,5,13,62.687577,2,1
8405,47.57248695,2,5,7,88.40047255,1,1
1772,47.57421381,3,5,2,71.48651069,5,0
1819,47.58467704,1,2,18,77.41135515,0,1
1320,47.58986101,2,4,7,89.29329044,4,1
345,47.59971176,2,2,23,75.82732171,3,0
8585,47.60098416,1,2,21,66.16832468,7,1
8684,47.65200919,2,4,1,74.92407364,1,1
9782,47.65686127,1,3,17,74.66014116,3,0
7716,47.66867708,3,3,7,64.23450454,2,0
4018,47.69476673,1,5,12,70.14461807,2,0
4577,47.70437701,2,4,6,68.68871405,4,0
583,47.7044979,3,3,15,53.71162095,3,1
8644,47.71264885,3,4,22,90.23607545,0,0
1708,47.72616892,1,2,9,60.26896452,2,1
8382,47.73921118,1,5,8,86.02631765,1,0
9178,47.79380682,3,1,18,76.81818572,0,1
3273,47.79567796,1,3,22,67.71228964,4,0
1374,47.79916147,1,5,3,89.12896928,0,1
9709,47.80721181,1,4,24,75.64515098,0,1
2022,47.8205228,3,1,9,76.7732657,5,1
6929,47.83559753,2,3,19,79.08950284,1,0
7933,47.86128092,2,2,9,62.84927676,0,1
659,47.87095465,3,2,15,73.90952077,2,0
8979,47.87212922,2,3,13,74.82465989,1,0
3906,47.87228211,3,3,6,71.52512275,2,0
6522,47.87320958,2,4,1,74.43686429,2,1
5042,47.88396092,3,5,17,63.29708137,3,1
2838,47.88570197,3,2,1,73.55037321,2,0
7209,47.91004665,2,3,1,57.71808123,0,1
5300,47.91536656,1,5,4,65.94130505,2,1
9211,47.97025931,2,3,20,78.3137589,2,1
6164,47.98117921,1,5,11,59.3274813,3,0
9340,48.02926927,1,2,6,55.10781304,2,1
8521,48.03356474,1,3,6,61.10557378,2,1
3374,48.05020028,2,1,9,67.52508671,1,1
7475,48.05298808,2,3,3,80.14767171,0,0
8957,48.06678972,1,5,6,63.9728412,2,0
7490,48.06794746,1,2,1,71.49338933,2,1
7134,48.09984949,1,4,8,90.63903504,4,0
2633,48.11005884,1,5,2,56.82372724,2,1
4263,48.11102486,1,5,7,91.81687728,2,1
4510,48.11297894,3,5,13,68.1121548,4,0
5022,48.11966208,1,4,12,89.63227554,3,1
981,48.13788338,2,5,3,65.86641575,1,0
7046,48.13850586,3,5,4,80.26761006,1,0
1833,48.16498404,1,4,8,89.63999783,6,0
8696,48.19653765,2,5,9,63.17746397,2,1
870,48.21617599,3,5,18,67.74759605,1,1
7944,48.22754054,3,5,20,66.87063995,4,1
559,48.24624922,1,5,3,70.41410019,5,0
9562,48.26884607,1,5,17,64.14019162,2,1
1087,48.27005863,1,5,24,62.80189381,2,0
6391,48.27705149,3,5,21,76.28021121,1,1
5181,48.32535281,1,4,10,69.12911252,2,0
9955,48.32873868,3,4,10,83.05146366,0,1
5860,48.37707442,1,3,16,79.99626789,1,0
4182,48.37790879,1,4,17,78.49903862,0,0
484,48.38594495,2,3,14,77.15035119,0,0
5857,48.392297,1,5,12,68.1627306,2,1
1334,48.40265952,2,1,15,86.77126717,1,0
5585,48.40601034,1,5,17,77.82482468,0,1
4891,48.41358083,1,3,20,88.14409462,4,1
4524,48.41705446,1,4,14,86.72357837,1,0
9053,48.44451952,1,3,24,72.3118125,1,0
1915,48.45364082,2,3,1,80.79116798,1,1
7675,48.45597574,1,2,20,68.50275302,5,1
8960,48.4750978,1,5,2,73.73703259,3,1
3474,48.48138436,1,5,15,65.05389607,0,0
1954,48.49698784,1,2,20,57.43979933,3,0
571,48.53520976,1,4,9,64.02543206,0,0
9011,48.54145193,3,3,3,93.20278348,5,0
6495,48.58559962,2,5,21,62.12817342,4,1
6744,48.60112562,1,5,12,65.40589333,1,1
5687,48.61773431,1,5,1,70.09218914,5,1
3877,48.62863289,2,5,10,69.29816787,0,1
233,48.63145269,2,2,6,68.2659742,2,1
3009,48.63996108,2,1,15,69.12838834,1,1
2159,48.69267543,3,4,22,51.95201947,1,1
2597,48.70487034,1,5,5,68.44139049,3,1
1440,48.74674786,1,4,11,61.74607199,1,1
9874,48.75281519,1,5,22,64.7030864,1,0
8477,48.77916642,1,5,8,84.7901473,2,0
5734,48.80841014,2,3,23,71.59946502,3,1
9928,48.82039493,3,3,22,83.04843424,3,0
5142,48.82809415,1,5,12,85.57020575,2,1
3275,48.830397,3,5,9,83.636924,2,1
818,48.84666912,1,4,10,78.71053179,1,1
4750,48.87843796,1,5,4,74.15942325,2,0
567,48.88324939,1,5,6,87.59812007,5,0
730,48.91466233,3,5,4,76.69348438,1,1
620,48.91527955,2,5,11,80.87890074,0,1
4764,48.91776574,2,5,12,97.12287521,4,1
8445,48.94876495,1,4,5,79.07837473,3,1
4711,48.94976209,2,4,8,64.90415113,3,1
6616,49.02148952,1,5,10,79.4741989,2,1
8167,49.04400804,3,1,8,74.90092589,3,1
7306,49.04721784,1,5,2,60.65193525,0,1
6219,49.07145787,2,5,19,54.61897285,1,0
8075,49.0949815,3,3,22,72.98145975,2,1
8780,49.10011299,1,3,5,70.30348792,3,0
3923,49.10967418,2,5,5,77.48775423,1,1
6981,49.12536865,1,5,10,68.11019319,1,1
1505,49.1278333,1,5,7,71.43798293,2,1
9801,49.15765166,1,3,6,88.46097432,0,0
7930,49.18179088,1,4,3,88.22323655,2,1
3400,49.18273486,1,5,23,76.24870926,3,0
3021,49.18396073,1,2,1,63.38557911,2,1
3577,49.18424629,3,3,19,63.99470125,3,0
4163,49.20790623,1,5,7,69.95438412,4,0
9367,49.23372418,2,5,9,69.03850358,0,0
275,49.26124527,1,4,22,66.4040466,3,0
4507,49.26790605,2,2,17,80.84728247,0,0
3308,49.27599761,1,5,10,60.40953134,0,1
6568,49.27939267,3,5,23,77.43239718,3,0
519,49.28879953,1,5,19,87.492322,4,0
3092,49.32187427,1,2,17,80.32166532,0,1
1354,49.33465854,2,5,21,75.46905873,3,0
1079,49.3375761,3,4,13,72.11054292,1,0
826,49.34516347,1,5,1,85.60746619,1,1
448,49.36944012,1,4,20,85.37085884,4,0
9589,49.38756745,2,5,20,60.82338895,2,1
6988,49.39735876,2,1,15,73.21981123,3,1
4643,49.39990562,3,5,24,66.17302188,3,1
1198,49.42189531,2,5,5,73.63463931,1,1
1435,49.42295438,1,5,20,81.33450021,1,1
3846,49.4458008,2,3,8,67.29746722,1,1
2909,49.44713356,1,5,19,70.14528509,5,0
4716,49.46186261,1,4,4,58.71018395,4,1
5126,49.46363734,1,4,15,85.69937007,2,0
4904,49.4646781,3,5,23,62.69519269,1,0
5140,49.46960549,3,2,14,83.86119944,2,1
3679,49.48726991,3,5,7,74.84653694,3,1
4931,49.49640121,2,5,8,69.85014139,5,1
7298,49.5121852,3,3,24,77.18870672,2,0
5525,49.51624919,2,5,7,73.30270477,0,1
8982,49.5498405,1,3,21,82.66845801,0,1
4572,49.56133047,1,5,20,87.28854591,5,0
8276,49.59832156,3,5,1,69.78774387,2,1
295,49.64524182,2,3,7,89.98820355,4,0
3868,49.65365137,1,5,22,79.02792242,8,0
6233,49.65721376,3,4,1,72.89877709,0,1
2859,49.66790575,2,5,4,83.51039102,0,0
6440,49.67033409,1,4,12,90.07684845,2,0
4092,49.68950758,3,1,11,77.97114187,2,1
1762,49.69610505,1,3,24,66.6460135,3,1
3995,49.70257338,2,5,14,82.61944914,1,1
5730,49.7068753,2,5,19,81.96597846,2,1
6393,49.71727205,1,5,5,64.7542408,5,0
4702,49.72394058,2,4,20,82.27853481,2,0
3495,49.72544224,1,5,20,66.08273696,4,0
1237,49.73021591,2,3,1,71.97163086,4,1
1692,49.73792452,1,2,3,69.24598823,1,1
3730,49.74797796,2,2,11,74.97177883,1,1
6524,49.7523502,2,3,23,92.59576519,1,0
6512,49.75296072,2,1,9,74.91144114,1,1
6895,49.77662034,3,5,19,79.25298118,5,1
8130,49.78485473,1,2,8,85.48909253,3,1
8271,49.78667747,1,2,18,92.71874907,1,1
4359,49.79559901,3,4,5,68.37297125,2,1
4243,49.80460799,2,4,13,76.79318188,3,0
143,49.82474341,1,5,23,64.23548946,0,1
7074,49.83275675,2,2,13,80.52300573,4,1
3127,49.85352908,1,5,2,73.21339641,3,1
4345,49.85749793,3,5,19,76.12245293,3,0
2149,49.87471282,3,4,12,57.06047655,1,0
1763,49.88046938,1,2,5,64.57727864,1,1
5586,49.88480448,2,1,13,68.99675642,1,0
6414,49.90796808,3,3,16,68.15320217,0,0
3646,49.92527616,1,5,1,86.27312867,2,1
622,49.92837458,1,4,18,70.28790268,4,1
5693,49.93298556,1,5,6,87.2049467,1,0
3978,49.93423509,2,1,22,75.4113795,1,1
7561,49.95437851,2,3,9,86.11675226,1,1
9047,49.95968087,2,5,16,82.59225648,1,1
5464,50.01713649,1,4,24,70.76168463,5,1
226,50.03128741,1,3,19,79.6400246,1,0
8843,50.04210583,3,5,11,73.84815391,0,1
4429,50.04229678,1,4,2,59.66130846,3,0
2329,50.04406937,2,5,10,84.02482172,2,1
9578,50.07413479,1,5,20,80.59599857,0,0
1564,50.07640752,2,3,4,65.61387844,3,1
2503,50.09214392,1,4,2,83.63420065,2,1
4257,50.09350138,1,5,2,67.8747872,4,1
5179,50.11120441,2,4,2,83.13179214,0,0
9783,50.11798746,1,2,21,76.78839866,1,1
4601,50.12302654,1,4,16,90.61532094,3,0
5570,50.14277883,2,5,8,70.03412382,3,1
37,50.14491113,2,3,15,104.1572372,2,0
5305,50.16354192,3,1,20,80.2258194,2,1
7377,50.16686154,2,5,22,55.93409981,3,0
3737,50.17738213,1,2,20,70.33654063,4,1
1552,50.19339036,1,4,22,73.17071868,0,1
7465,50.20672221,2,4,18,75.67748874,3,0
5551,50.20862357,2,5,17,83.16270102,3,1
4341,50.25487261,1,5,15,93.4748725,0,1
9230,50.26126107,3,4,1,73.51469149,5,1
7559,50.26984649,1,5,21,74.70051141,3,1
4446,50.298635,2,5,8,78.77342787,2,1
5287,50.31476287,1,3,10,76.1935324,4,1
1067,50.33025268,2,5,6,77.57749799,1,0
6416,50.33859843,3,4,10,78.83663982,2,1
6099,50.34326091,3,2,3,105.3933076,1,1
1245,50.34517873,1,5,3,60.96525576,1,1
6821,50.34678284,1,5,20,86.17564187,6,0
1386,50.3493729,3,4,4,76.21095847,1,0
6730,50.35569006,1,5,9,63.47781942,3,1
5837,50.35748669,1,5,20,75.87347253,3,1
2350,50.35922153,3,5,3,78.74288296,3,0
7735,50.3596661,2,4,1,85.15647795,0,1
830,50.36286021,1,3,17,79.10655012,2,0
6852,50.38509032,1,2,22,61.1979679,1,0
8229,50.39090236,1,2,23,71.63702046,4,1
1947,50.40839998,3,2,16,54.38288594,3,1
6573,50.4107801,1,3,5,79.71282729,2,0
3677,50.42578317,1,3,8,57.07318697,0,0
8652,50.42875358,1,5,23,71.70384723,1,1
9235,50.43844689,1,5,19,73.22346759,1,1
8884,50.46973087,2,5,14,60.66278695,2,1
3952,50.47094984,1,3,5,83.77927086,4,0
6234,50.47142248,1,5,8,59.24686673,2,0
8519,50.48381459,1,5,2,73.60256292,1,1
9752,50.51466544,2,3,9,83.0026182,2,0
4152,50.54163739,2,1,7,66.27347142,2,1
2343,50.54185698,1,4,22,88.98367035,2,0
4551,50.58255187,1,5,12,84.21677452,3,1
8828,50.59559204,1,4,3,86.75226741,0,1
4618,50.60920044,2,1,8,81.96583039,4,0
6655,50.62958478,1,3,24,81.39802921,2,1
5492,50.63540875,2,1,6,87.53983798,2,0
2183,50.63788788,3,2,6,82.86669369,1,1
7738,50.64057495,2,3,14,63.70097256,3,1
2074,50.65205951,1,2,11,91.17366911,3,1
3770,50.65216688,2,3,11,82.11168889,1,0
9866,50.67248081,1,5,9,92.54896192,0,1
8479,50.69088927,3,2,4,76.25199134,2,1
2981,50.70836291,1,5,12,66.73017275,3,1
3322,50.72849297,1,5,17,73.67325389,2,0
9750,50.74583375,1,5,22,60.05313551,3,1
6073,50.76284797,2,5,13,75.97134916,4,0
1352,50.77580531,3,3,19,64.92393472,3,1
4671,50.78765026,1,2,20,68.33284726,3,1
7709,50.80076214,1,5,23,74.31413566,3,0
8042,50.80851361,1,3,22,83.92912507,3,0
3992,50.83044066,1,4,2,85.27232868,1,1
7201,50.84668316,1,5,17,71.44372496,4,0
1116,50.86815513,1,5,15,59.05526373,3,1
9616,50.8729857,2,5,6,65.9412715,3,1
3878,50.87323236,3,5,10,55.2800095,2,0
2229,50.89301176,1,2,24,64.79151917,2,0
524,50.89701895,3,4,19,84.89942119,3,1
8458,50.90983081,2,4,22,61.7404421,0,1
3755,50.92308141,1,5,8,43.06818451,2,0
879,50.92607847,2,4,16,79.73924873,2,1
3839,50.93627864,2,3,13,79.0902615,0,1
9194,50.96226932,1,5,17,77.60450932,2,1
8649,50.97197618,1,5,6,78.1647922,6,1
7169,50.97339231,1,5,11,68.02121819,5,0
9088,51.00501342,2,5,22,67.9304058,2,1
9112,51.02169791,3,5,22,85.77137633,1,1
1556,51.03739301,3,4,18,83.09318618,3,0
3585,51.04504687,1,4,11,75.44983831,1,1
9028,51.04610463,2,1,17,83.93370564,0,0
5969,51.05496874,2,1,12,73.514404,3,0
4382,51.07387947,2,3,21,80.50853058,1,1
247,51.0855119,3,2,7,71.82862231,4,0
5307,51.09778719,2,1,19,59.62700376,5,1
447,51.10642303,2,5,8,79.46369537,1,1
7955,51.11728348,1,5,17,81.38997844,2,1
3294,51.15900352,2,4,3,72.1532754,4,1
5528,51.17248661,2,5,11,84.02102339,0,1
9829,51.19622163,2,5,16,76.48541133,6,1
4119,51.20179351,1,4,11,52.64445178,3,1
3710,51.20911476,1,5,20,64.7478635,2,0
164,51.21249918,1,5,17,82.73237836,3,1
4192,51.23111017,1,4,22,62.12448437,1,1
2079,51.23662544,1,5,19,70.20717277,1,1
6759,51.24750076,1,5,10,57.29191049,1,0
3660,51.25925445,3,4,23,73.47620672,0,1
4072,51.27422268,2,3,7,71.80733482,1,1
6310,51.29554594,2,2,11,70.76645518,5,1
1023,51.29956752,3,5,13,83.78641128,2,0
2389,51.31084484,1,5,6,93.26656307,1,0
5448,51.31701674,3,5,15,65.19602274,3,1
494,51.34127554,1,5,23,73.58126366,0,0
2553,51.35815288,1,5,3,72.62531959,1,1
9789,51.35839266,2,4,5,59.39446722,2,0
8881,51.37130189,3,4,23,74.80036473,3,1
8823,51.37575075,3,3,9,61.36715398,0,1
3957,51.39697465,1,5,3,74.55166409,0,1
209,51.43493447,1,5,3,70.83996344,1,0
7315,51.44232575,3,1,9,65.63114166,2,1
1025,51.49917821,1,5,24,68.12377538,2,0
6300,51.51918138,1,3,23,92.25258864,2,1
6235,51.52248102,1,5,21,75.51842288,1,1
464,51.53164241,1,3,7,71.5329525,2,1
1257,51.53520441,2,4,10,74.62272246,2,1
6873,51.54008838,3,2,18,90.0288638,2,0
1557,51.54537456,3,1,22,78.41374843,2,1
6722,51.58062266,1,2,15,74.50170058,0,0
8591,51.59087581,2,4,12,72.83673567,1,0
5218,51.61969355,3,5,15,80.20062225,2,1
1303,51.62716847,1,5,3,77.26747321,1,0
4029,51.62721709,1,3,17,88.35308868,0,0
3510,51.68146301,2,2,9,74.21037019,3,1
7448,51.70132447,2,3,3,52.77567671,1,1
6766,51.7284988,3,2,24,88.62829908,1,1
6335,51.74571089,2,3,20,72.98030047,3,1
5429,51.75300814,1,2,4,81.45934629,4,0
7918,51.76546005,3,1,18,84.65157173,2,1
172,51.79377773,1,3,19,61.53042105,4,1
6563,51.79725918,2,4,15,88.19959083,0,0
3950,51.81038105,1,4,17,56.6362268,0,1
375,51.81994105,2,4,8,78.67890309,1,0
6578,51.8552168,2,5,12,60.64587784,0,1
8873,51.88580973,1,2,15,72.62049072,0,1
8171,51.88792378,3,4,4,65.07813025,4,0
714,51.92574505,1,4,3,86.25989204,4,1
7258,51.95218849,1,5,14,82.063997,0,0
8904,51.97199505,2,5,13,59.78834772,3,0
2489,51.99761267,1,5,2,75.09869508,2,0
1864,52.00391337,1,5,4,65.20542331,3,1
2546,52.03019471,1,2,15,81.28342778,4,0
8322,52.03855314,3,5,15,102.0036702,1,1
1765,52.06329724,1,5,15,82.22626506,5,0
1299,52.08047774,1,4,10,79.88291994,1,1
8539,52.08672795,1,5,16,79.31344,1,0
535,52.09416924,3,4,3,83.4337104,1,0
5754,52.11267273,3,5,22,67.8777159,0,1
7301,52.13275178,1,4,7,65.49190335,0,1
6907,52.13532025,2,3,22,79.3367598,0,1
3692,52.20485202,1,3,23,81.69504121,4,1
6679,52.22036992,1,5,3,78.97306653,0,0
3383,52.26201409,1,4,22,79.2347446,2,1
5739,52.27330915,2,3,23,76.32442913,1,0
1620,52.27766889,1,5,7,79.956835,2,1
2455,52.33177409,1,4,12,77.27099991,1,1
9210,52.34168524,3,4,5,80.9583069,2,0
1961,52.34248946,2,2,19,67.73463406,1,1
3283,52.35059597,1,5,23,77.57479819,0,0
3554,52.3551156,1,5,17,87.69673571,1,1
7322,52.36660271,2,5,13,81.25979968,1,1
2517,52.36693271,2,4,5,65.23341069,0,1
2929,52.37506666,3,5,20,72.12277314,2,1
8345,52.39661466,2,5,22,75.26210815,2,0
8127,52.39757758,1,5,15,73.18751202,4,1
1678,52.42090716,2,5,5,63.29326743,1,1
4568,52.45331419,1,4,4,63.24379905,2,1
7316,52.45848003,2,4,24,84.55896939,1,1
3335,52.50345924,1,2,10,70.93266343,1,0
4469,52.50347499,1,4,4,64.05910525,0,1
4309,52.51008433,1,5,3,80.33837714,1,0
346,52.51518312,1,5,16,97.53516393,2,1
9427,52.52524555,2,1,12,80.42101064,3,0
5226,52.5530453,2,5,2,82.60661948,0,0
378,52.55851874,1,5,7,73.34399013,3,0
783,52.57455976,3,4,18,66.90189861,2,0
5257,52.60878592,2,2,8,76.55892252,3,1
5394,52.61196332,1,5,24,104.5850229,2,1
4134,52.62558343,1,2,21,102.2885233,3,0
2045,52.62829383,2,3,8,67.47249757,5,1
4094,52.63299274,3,4,24,84.93009677,4,0
6975,52.64311581,1,5,15,77.47024839,4,0
5884,52.64953418,3,2,14,65.15233666,3,1
1885,52.65064896,1,3,13,74.88954394,4,1
2904,52.73644031,1,2,7,51.81097123,2,1
4106,52.74182486,1,5,24,77.04188755,0,1
2448,52.74703987,2,3,12,80.40852848,6,1
4786,52.75201767,3,4,10,85.50168056,4,1
3703,52.75729944,1,5,4,82.90101873,2,1
5021,52.76059969,1,5,20,81.46901517,1,1
4274,52.77928233,1,4,15,79.50639129,0,0
1508,52.83333539,2,1,4,73.59236852,1,0
8095,52.83372755,2,3,14,80.03160875,1,0
806,52.84864958,1,4,22,81.95422429,0,1
9421,52.86035515,3,3,11,80.78336927,0,0
8820,52.86801509,1,5,24,79.5342517,0,0
188,52.87191662,2,4,11,82.42792104,4,0
7671,52.89679302,2,5,6,82.10438518,1,1
3392,52.89897127,2,5,7,77.13223616,2,0
4151,52.90429002,1,4,2,78.33521067,3,1
4030,52.92096486,2,3,2,92.55995326,3,1
7755,52.92248113,1,5,18,76.75310001,2,1
695,52.92410387,1,5,15,69.8281952,0,1
1704,52.93385296,2,3,24,77.98949026,2,0
4595,52.94653832,3,5,12,66.90925171,0,0
2089,52.95125018,1,5,10,61.52766095,4,0
4619,52.98315018,2,1,18,66.92858592,1,1
3742,53.01297367,1,2,13,77.92485238,2,0
4104,53.02992478,2,3,20,74.43303727,0,1
7120,53.03047792,3,1,22,67.59718456,5,0
2945,53.03524439,3,2,20,77.66815875,1,1
1325,53.05165572,1,4,14,89.8673649,0,1
5890,53.0588762,1,4,22,68.68493311,2,0
1189,53.05907925,1,5,18,71.55477203,2,0
7103,53.10723879,1,5,19,80.9376634,0,0
7608,53.13054169,2,4,2,64.61653202,2,0
3218,53.14980691,1,2,24,95.33050326,1,1
3539,53.15148832,1,5,12,76.90484085,1,1
9981,53.16631822,1,5,11,73.3585995,4,1
9331,53.17720977,2,2,9,62.2202949,0,0
3764,53.1774871,2,5,12,85.40002142,2,1
185,53.18539553,1,4,21,71.87620041,0,0
6357,53.19619157,1,2,20,75.63921909,2,0
7088,53.19841664,1,3,16,84.04697923,5,1
6282,53.20159016,1,3,20,66.99244767,0,1
6721,53.20976757,1,2,19,65.84522077,0,0
2698,53.21974558,1,5,2,74.24841093,1,0
6153,53.22311562,2,5,18,71.00596616,4,1
9397,53.28075508,3,1,5,64.71025149,3,1
9128,53.29224402,3,4,13,72.30643807,1,0
1608,53.29678041,3,1,24,68.49853263,0,1
1929,53.3026434,1,4,10,64.13938128,1,1
3586,53.31084523,1,4,9,99.43511366,3,1
3147,53.33011656,3,4,10,53.83923897,3,1
5978,53.33756402,1,5,6,65.29481135,1,1
8488,53.36231065,2,5,20,73.26400459,1,1
7200,53.36337954,2,4,20,85.20857713,2,1
8656,53.37763886,3,5,4,94.46239603,4,0
9226,53.3810079,1,4,3,67.61656791,2,1
41,53.38418109,2,1,7,64.20728776,5,1
2694,53.40582731,2,5,17,72.51383543,3,1
8007,53.4086564,2,5,19,73.87729859,0,1
2253,53.41234569,1,5,15,83.14141948,1,1
8270,53.46990507,2,4,22,83.28060874,1,1
8299,53.47017158,1,4,5,36.83097921,0,1
9110,53.51160953,2,5,17,73.21103522,1,0
802,53.51594159,2,3,21,76.14261054,5,1
1933,53.528767,3,2,24,76.84380542,0,0
9238,53.56292877,1,4,7,76.98105097,2,1
350,53.57022577,1,5,20,95.97800815,3,0
2053,53.57752993,3,3,11,77.71307745,1,0
7340,53.58361539,3,1,1,80.75312959,2,1
3717,53.63547242,1,2,6,76.14783724,0,0
6836,53.66468532,1,2,1,70.77406496,4,1
7152,53.6770179,2,1,12,61.06203623,3,0
5636,53.68525188,2,2,11,69.49035375,0,0
5353,53.68988144,1,5,12,77.28368205,1,1
147,53.70043513,1,5,20,82.99583395,1,1
3439,53.70491907,2,5,14,63.17551696,2,1
6467,53.75764836,3,3,6,65.68664992,3,1
2300,53.75954297,2,3,11,74.3566581,2,0
4983,53.77126208,3,2,16,90.7307621,3,1
1345,53.77252145,3,3,23,85.47405189,3,1
1273,53.78145964,2,4,17,70.53400456,3,1
6016,53.79006549,3,4,23,77.88946334,0,0
721,53.7956512,1,5,1,67.51870889,4,0
1055,53.81197234,2,3,21,69.97462921,3,0
8913,53.83009381,1,4,11,75.73827057,3,1
9061,53.83261457,2,2,22,54.54166464,0,1
6043,53.8721131,1,5,5,74.12604132,1,1
746,53.87271478,3,1,21,87.94808785,3,0
6636,53.88065015,1,5,2,63.90903315,3,0
810,53.91988256,2,5,22,83.30271073,3,1
6482,53.92052833,1,4,9,79.10902849,3,0
2293,53.93053256,1,2,20,62.81980734,0,1
2190,53.98833146,2,4,8,58.19934744,5,0
9067,53.9907044,1,5,2,74.48024624,2,1
739,54.01477856,3,5,3,63.9601014,2,1
2160,54.03321659,1,5,19,92.93663114,0,1
1840,54.06744727,3,3,20,68.08404042,1,1
6818,54.08246409,1,5,7,79.99944313,3,0
6080,54.09564407,1,2,24,69.76849406,3,0
4699,54.09958109,1,3,18,81.65892726,2,0
4095,54.12393266,3,5,2,85.36503423,3,1
1631,54.15586058,1,5,12,74.9466109,1,0
4396,54.18132909,1,5,22,74.20823598,2,1
215,54.18170746,1,5,6,83.56316283,3,1
7195,54.18724292,2,5,16,86.52658079,5,1
230,54.19176352,1,4,9,79.08693527,2,1
6047,54.19870762,1,3,17,73.18211316,3,0
6612,54.21859267,1,5,23,85.35380764,0,1
6552,54.23807203,1,3,1,61.45865839,1,0
4929,54.24216035,1,5,21,70.54380636,3,1
1951,54.2573846,2,4,19,71.61954881,4,1
6562,54.26537454,1,3,20,78.34161789,2,1
6602,54.31653115,1,5,6,90.0274763,3,1
7011,54.32679538,3,4,15,85.8200535,3,0
551,54.33332119,2,4,7,76.67529701,2,1
1824,54.33759579,1,3,13,62.58585047,2,1
2846,54.36310244,2,1,14,80.82257153,4,1
1842,54.37675464,1,5,24,87.00740935,1,1
5674,54.37894307,2,5,24,82.79152517,0,1
9444,54.38611856,2,3,18,60.14752012,3,0
2383,54.39152455,2,5,19,70.77369424,1,0
8353,54.39167873,3,5,16,83.17561167,2,1
5915,54.40356519,1,5,23,71.18712745,2,0
5887,54.40461476,3,1,4,86.45856997,1,1
8547,54.42283683,3,3,7,73.87552298,1,1
3940,54.42777424,2,4,12,67.74356865,5,0
8663,54.42944108,3,5,9,75.32885925,0,1
7303,54.44486918,2,4,8,79.0155715,0,1
9718,54.45284901,1,5,20,74.41681581,3,0
2741,54.45330974,2,3,10,64.85017997,1,1
2005,54.47033484,2,1,7,67.01297959,2,1
8213,54.49968018,3,5,16,61.97806702,2,0
5921,54.51016273,1,5,19,75.96750079,2,0
2588,54.51446208,1,5,6,81.3168035,2,0
7945,54.5146789,1,5,22,74.77307129,3,1
7623,54.51950528,2,3,7,64.97800985,2,1
3811,54.53064204,1,3,7,60.44155878,3,1
605,54.54739568,1,5,4,77.26548342,2,0
177,54.54857713,1,5,3,88.34267272,3,0
3068,54.55930723,2,1,5,63.01201285,0,1
4991,54.56282115,1,5,20,57.9109866,0,1
1529,54.57851377,3,1,11,86.10035521,1,0
8920,54.57961373,2,5,13,78.0100206,5,1
2807,54.61429344,1,3,12,68.08332139,1,1
6857,54.61681261,1,3,18,74.9306964,1,0
8235,54.62417871,1,4,16,68.25007519,3,0
7604,54.64780234,2,3,12,87.52103998,1,0
4740,54.66882156,1,4,24,83.80068448,3,1
9680,54.69190932,1,4,13,61.93018578,4,1
1248,54.70693459,1,2,22,59.36729193,4,0
2675,54.71098977,1,5,12,81.67406761,2,1
9635,54.72140796,1,2,2,71.93760437,1,0
8742,54.74008523,2,5,10,77.44071282,2,1
3628,54.74229727,2,5,19,88.1824107,2,0
4376,54.74936496,1,4,21,75.04984102,2,1
2779,54.7526419,2,3,2,67.8470878,2,0
1138,54.84152125,3,2,7,69.78953086,0,0
9706,54.85384655,1,5,6,80.89299622,1,0
9647,54.86115646,1,3,21,67.12385981,1,1
3977,54.90506847,1,5,22,57.50817948,3,0
6275,54.90623345,2,5,2,73.24356746,4,1
6348,54.91374513,3,3,24,71.81144832,3,0
4386,54.91966195,3,4,2,69.7891138,1,0
887,54.93617401,3,5,5,79.32424247,1,0
7143,54.98309193,1,4,14,80.87892173,1,0
1452,54.98474667,1,3,24,91.23454555,2,0
2284,54.98849604,1,4,7,60.06323586,0,1
6265,54.99826105,1,5,5,51.28250271,4,0
4320,55.00976009,1,4,20,68.87568293,0,1
1952,55.02212901,3,3,5,66.36088839,1,1
4292,55.02531847,1,5,24,92.37689621,3,0
6977,55.03222339,2,3,22,75.98109535,1,1
456,55.05520164,2,1,23,73.16710816,0,1
6446,55.05733446,1,5,20,76.66176451,4,1
7739,55.06748005,3,5,16,66.24820586,2,0
8278,55.08890167,2,5,16,74.81195891,3,1
117,55.12597835,3,2,7,63.02973986,3,0
8148,55.13423484,1,5,4,64.61832192,3,1
7630,55.14479843,1,4,3,77.14725227,3,0
7992,55.15020511,1,2,15,78.70678347,3,1
7591,55.15351121,2,4,13,76.9775566,4,1
7673,55.15476925,2,1,21,74.53157308,1,0
7572,55.1576757,2,3,20,59.75858005,3,0
8546,55.16244142,1,3,4,77.20026306,5,0
9661,55.18002256,3,5,11,69.92049903,4,1
4276,55.18706787,3,3,5,68.4785984,1,1
3941,55.18998624,3,2,19,75.94081983,3,1
570,55.19760992,3,2,7,76.60860994,1,0
8511,55.20724305,2,5,4,90.32578949,3,0
6286,55.20836193,1,5,7,73.23767445,2,1
6503,55.22313558,1,4,20,73.30703798,2,0
6833,55.22323473,1,2,13,73.73404685,3,1
8072,55.23800342,1,2,14,68.46065397,2,1
1312,55.2500918,3,5,24,87.54278299,5,1
3819,55.29851026,3,3,4,71.16346645,0,1
2467,55.30241461,3,5,21,82.87532173,3,1
5155,55.39433277,2,3,20,78.4807911,2,1
3467,55.39654285,1,4,5,73.38273661,4,1
5859,55.41500302,2,3,5,73.7466599,2,1
6238,55.44430758,3,5,22,77.47697426,4,1
5285,55.47050515,3,3,2,74.97186845,1,1
964,55.49256706,1,2,15,79.94931407,0,1
6187,55.49279369,1,5,23,65.05051327,1,1
4005,55.50992749,1,4,16,72.68944471,3,0
8221,55.5182329,3,5,9,76.32183726,3,0
5751,55.52830329,3,3,20,93.44721791,4,1
6734,55.53428813,1,3,14,81.72409242,1,0
9417,55.54638703,2,5,2,67.33246256,1,0
8223,55.55452413,3,4,22,81.05361617,1,1
4770,55.56555248,3,5,18,89.17688475,1,0
2899,55.56743249,1,3,22,59.34168114,2,0
3437,55.58227037,2,5,1,83.18606756,4,1
42,55.61065409,1,2,14,54.53896551,1,1
1438,55.61366253,2,4,2,65.91974878,3,1
7750,55.61700842,1,4,21,81.5564866,2,0
8296,55.63012892,2,4,24,68.82754962,3,1
976,55.63073782,1,5,14,79.80839905,1,1
8419,55.65146536,2,2,20,91.17294089,1,1
9060,55.68234951,1,2,14,78.98873525,0,0
4670,55.68794766,1,5,7,79.60978505,2,0
2108,55.69985561,1,5,1,69.03424507,4,0
5785,55.73007579,2,2,5,72.65772805,1,1
6352,55.73222482,3,5,4,57.74352481,1,1
8758,55.745984,3,5,14,86.74482472,2,0
5641,55.75745152,3,4,20,64.55047864,3,0
7157,55.76644758,3,2,2,62.76948229,1,0
7753,55.76957601,2,5,22,85.00951847,0,0
4344,55.79756486,1,3,6,79.11000689,1,1
1487,55.79953975,2,5,20,70.23999889,2,1
3776,55.81559128,2,1,22,64.66047093,1,0
4199,55.83057532,2,4,12,63.38050281,3,1
7495,55.83284112,1,2,22,66.97210711,3,1
6135,55.84567609,1,4,14,74.85560339,2,1
4966,55.84684621,2,3,15,79.54524223,2,1
7874,55.88032231,1,5,15,80.51949302,0,1
6107,55.88652616,1,3,15,84.63728568,0,1
9933,55.90484536,1,5,16,92.16305651,1,0
8085,55.92732029,3,4,4,59.73488594,1,1
731,55.92793149,3,4,12,79.66667024,2,1
1891,55.93048096,3,4,6,65.81940453,2,1
3403,55.93079088,1,5,14,75.85230717,5,0
6884,55.93107737,1,5,6,77.48919458,1,0
873,55.97703969,1,5,24,73.70531257,3,1
5793,55.99003254,3,4,1,70.59231308,2,1
1545,56.00537395,3,3,6,87.87797706,1,1
9161,56.02689154,3,5,21,74.03415135,0,1
7415,56.04586812,2,2,10,83.53166287,4,1
9835,56.08758487,2,3,5,62.28700407,3,1
2385,56.09703228,2,5,1,64.27120313,1,0
8715,56.10708923,1,5,24,81.83079361,1,1
3904,56.14404455,1,5,6,73.28162656,6,1
8164,56.16503165,1,2,16,65.60866115,3,1
6599,56.17209045,1,5,6,54.46915066,2,0
5749,56.17938871,1,3,4,71.70786297,1,1
331,56.23318597,2,2,23,59.43396127,2,1
9722,56.24121706,1,4,9,78.94842724,2,0
1362,56.24894516,2,3,17,60.00773661,4,1
4977,56.24946235,2,4,16,81.11801196,1,0
5028,56.27358877,1,4,21,79.64948936,3,1
240,56.28068697,1,5,5,84.04134079,1,0
8604,56.28088267,1,5,4,81.95059598,2,1
8155,56.28242007,1,3,19,72.03761213,3,0
6453,56.2952404,1,4,22,82.74936716,3,1
3693,56.2984385,3,5,4,69.76549455,0,1
6960,56.3223822,1,4,2,61.34525118,1,1
4997,56.38781829,1,3,5,64.56310901,2,1
5845,56.40516243,1,4,6,74.14630978,1,1
6038,56.41772876,1,5,21,60.84370452,2,1
8984,56.43303301,1,5,1,71.68997645,3,1
9311,56.45231561,1,5,13,71.98288598,3,0
2044,56.45938006,2,5,23,84.89244687,3,0
2567,56.47259607,1,5,12,88.58376067,3,1
3187,56.47518579,1,5,16,68.74057881,1,1
7723,56.47999627,3,3,3,78.03563445,0,1
3203,56.4942164,2,3,19,76.69042597,2,0
2622,56.50844446,1,4,12,57.6979073,1,1
3017,56.50848966,1,4,9,87.14858091,3,0
1974,56.54861625,1,5,19,62.21898427,1,1
7332,56.55162876,2,2,1,74.37376132,2,1
7259,56.58250947,3,4,8,84.79529817,2,1
4778,56.59184396,1,2,9,58.33813799,4,1
5648,56.61685178,2,3,24,92.5602087,6,1
1372,56.62008754,3,4,3,75.79838202,1,0
8967,56.62365015,3,3,18,74.62031186,2,0
5322,56.62986309,3,5,15,67.80369508,1,1
6350,56.63361918,1,5,4,67.20422205,2,1
6061,56.6734761,2,1,3,63.5644077,0,1
3214,56.67351191,1,5,8,66.47083291,1,1
5581,56.67648531,1,5,10,98.41356516,8,1
9915,56.68090495,2,3,18,81.90090925,4,0
6428,56.6973301,1,5,16,86.87761883,0,1
1869,56.70204373,1,4,16,71.48372147,3,0
9293,56.71910127,1,5,11,74.61979302,3,1
5132,56.73407752,2,4,14,86.59626678,0,0
6423,56.74975139,2,3,9,86.45904167,1,1
2748,56.76052987,1,3,10,79.96731896,3,1
6856,56.80513828,2,5,17,84.40401184,5,1
1996,56.81825277,1,5,9,89.55103835,0,1
5346,56.84082077,1,5,24,79.08021,3,0
8971,56.84500361,2,5,9,61.59567892,2,0
5112,56.85235175,3,4,18,60.18824664,0,0
7067,56.86109466,3,5,21,74.77834802,3,1
4465,56.88512253,1,4,24,65.15894211,2,0
6499,56.88839259,1,5,16,76.1117283,1,1
1360,56.93411721,2,5,8,75.17620142,2,1
1474,56.93433887,1,3,11,85.31574783,1,1
4681,56.94441762,2,5,16,69.41158492,2,0
3543,56.95995605,1,5,21,73.45149512,2,1
2024,56.98476679,2,3,3,93.24863252,0,0
8788,56.99296474,1,5,8,83.39446911,3,1
2525,57.00328908,1,5,5,71.54900302,1,1
6287,57.01307565,1,5,2,78.81093649,2,0
3787,57.03430361,1,3,3,80.60114707,1,0
3932,57.05390026,1,4,11,72.3569885,2,1
7081,57.0554875,1,5,15,84.09055643,2,1
1185,57.07640547,1,3,6,47.69736104,2,0
2753,57.10472831,1,5,8,77.83996703,3,1
3422,57.10615039,1,4,2,90.24236349,4,0
3350,57.11073188,2,5,8,76.88890351,1,0
8186,57.11238574,1,3,18,86.98672443,1,1
5006,57.16807746,2,3,9,64.55295289,3,1
1140,57.18440015,2,5,12,88.96905975,0,0
1029,57.19613613,1,3,15,76.07437383,2,0
9119,57.20005038,3,5,22,63.40446351,0,0
6421,57.21277597,2,3,7,67.82168226,3,0
8991,57.21429855,3,1,16,50.6337836,0,1
8891,57.21926649,1,4,4,78.19571997,2,1
6606,57.24892348,1,5,5,80.48131509,3,0
5506,57.25295285,1,4,6,62.06233212,3,0
9126,57.26123132,3,4,1,81.72055463,2,0
2046,57.27308077,2,5,21,76.69712908,1,0
4799,57.28046673,1,5,8,78.26382952,4,0
1402,57.30745837,1,2,16,64.09332979,1,1
4459,57.32742935,1,4,8,73.51804793,1,1
7902,57.34603653,2,3,10,77.78052807,3,1
2078,57.35462061,3,2,18,70.84713606,2,0
3704,57.36870493,3,4,14,75.13951738,0,1
3633,57.37007071,1,4,16,76.01875008,1,0
6401,57.37032975,1,5,15,83.79148802,3,1
4252,57.37229606,2,4,24,69.03128724,3,1
1613,57.38227102,2,1,20,70.84824563,4,0
8750,57.39575944,1,5,2,73.46491252,1,0
7924,57.39635535,2,2,18,57.03983566,2,0
4611,57.41921775,1,2,21,75.27626262,2,1
5426,57.42316316,1,5,13,59.26475109,2,1
7224,57.45416855,1,5,10,69.21390933,3,1
6029,57.45612006,3,5,20,64.47621138,2,1
664,57.46353828,2,5,6,88.5612319,3,1
5206,57.46777688,2,1,7,72.59489487,5,1
6186,57.48049531,3,1,10,67.85253735,5,0
9239,57.49883489,1,5,23,79.53202291,2,1
5680,57.51127736,1,5,5,66.07509196,3,0
4645,57.51538916,1,4,16,73.03946033,7,0
9301,57.51973143,1,5,22,76.61058588,3,1
1327,57.55195999,1,5,1,74.53776938,3,1
1054,57.64648974,3,4,2,65.3540549,0,0
2265,57.65039368,1,5,14,63.98766415,3,1
2486,57.6707945,2,4,1,66.08556474,4,1
4497,57.67740285,1,4,19,81.96807598,4,1
7579,57.68617824,1,5,1,64.60666177,2,0
5291,57.72839826,1,4,18,69.19150509,1,0
773,57.73421599,1,5,23,58.80124366,2,1
8115,57.74357163,3,1,3,69.451953,2,1
2804,57.74449599,3,3,10,84.81646101,0,1
6709,57.78852595,3,1,1,60.89088564,2,1
5715,57.78868695,2,2,19,88.29668104,0,1
3053,57.81079772,1,5,15,66.68101459,3,1
7212,57.82281979,1,5,10,73.34033847,2,1
9593,57.83229541,2,2,6,69.86835497,3,1
7614,57.83593846,1,5,3,61.40007367,3,1
2006,57.84788356,2,2,21,68.31761719,4,1
1115,57.86074239,1,5,20,68.02138769,0,0
8212,57.86574917,2,2,21,73.01813134,0,1
3797,57.87180421,3,4,19,78.64195264,4,1
5289,57.88462707,1,5,13,83.66699823,4,1
9312,57.893661,3,3,11,68.82410686,4,1
2628,57.91329487,1,2,19,74.04407533,1,1
9982,57.92914044,1,5,17,85.43950274,1,1
8905,57.93302712,2,5,16,74.45774009,2,1
737,57.93753124,3,3,22,81.09739667,0,0
1709,57.97255622,3,2,20,68.25702571,3,1
3762,57.97261596,3,4,13,68.79402783,4,0
4147,57.9835264,3,2,11,72.0652264,4,1
5089,58.04811892,1,5,8,74.98408502,1,0
650,58.05172164,2,4,23,88.38641507,2,1
4111,58.0662057,2,4,24,78.24153144,2,1
5673,58.08385055,3,4,1,76.80249707,1,0
6861,58.09298953,1,4,21,80.87608392,3,0
9451,58.13396647,1,5,23,73.67228314,0,0
8043,58.14831562,2,3,9,85.99119396,3,0
9456,58.1631452,2,1,4,78.18017321,2,1
6880,58.16673777,2,5,15,75.09053303,5,0
8792,58.17818004,1,5,1,86.65024344,1,1
3295,58.1844642,2,3,15,66.25393196,1,1
8126,58.18805839,3,5,23,66.40536327,1,1
5524,58.23149806,1,5,22,61.85339736,3,1
2431,58.25214723,2,5,16,88.52688979,4,1
1038,58.26949617,2,3,2,79.83124446,2,0
293,58.27698105,3,3,3,75.25534821,3,1
5523,58.28083084,1,5,19,73.44220284,6,1
6278,58.30719,3,5,21,80.29365747,2,0
609,58.31760299,2,1,8,68.56126439,2,0
8262,58.34014642,1,4,17,77.09437879,4,1
2888,58.34359972,1,4,23,76.45192931,1,1
8003,58.35308473,2,5,14,91.35262559,0,0
9115,58.35630677,1,5,18,57.33325854,2,1
6455,58.36391631,2,3,1,61.77356821,1,0
5211,58.37345228,2,5,20,74.96077933,2,0
5766,58.39814405,2,3,20,81.23553638,1,0
2248,58.40061682,2,3,12,87.33515094,0,0
4490,58.40313075,1,2,3,79.41862673,4,0
9991,58.40702801,3,3,2,64.61419618,3,1
816,58.44080949,3,5,8,86.30775222,1,1
5002,58.48014321,3,4,21,57.91282575,0,1
1715,58.48229268,1,2,14,81.38907314,0,0
5341,58.48370663,1,5,8,75.8097218,1,1
3238,58.48504268,1,4,9,78.18244468,0,0
5073,58.48873644,3,4,8,89.86584259,1,0
4402,58.50196892,2,2,13,62.9022099,4,0
9541,58.52324114,3,5,3,83.95013577,2,1
9712,58.5291312,3,3,5,81.21395874,0,0
8022,58.53071829,1,5,22,70.1076333,1,0
4759,58.5511694,1,3,12,71.0506486,1,0
4495,58.56174001,1,5,20,82.85961327,1,1
8128,58.5681303,1,3,11,69.39158206,3,0
7116,58.60882225,3,2,15,61.95837016,2,1
3254,58.61875788,1,4,19,90.21595333,3,0
3274,58.6208179,3,5,13,63.32014269,1,0
7592,58.64133639,2,2,17,89.56729532,3,1
442,58.65069279,2,5,18,55.49543251,2,1
2989,58.65096055,3,5,2,89.46904884,1,1
2341,58.65971944,3,5,8,84.15204876,1,1
7155,58.68963865,3,5,10,81.42564936,2,0
8307,58.70069222,1,5,4,74.83695423,3,1
959,58.73521613,2,3,22,66.95027569,4,1
7914,58.75766769,2,4,24,68.98276007,5,1
4928,58.78277741,1,5,22,70.63269681,3,1
3605,58.81705087,1,5,14,84.74001564,4,1
9467,58.84930362,3,5,22,95.62825738,2,1
2010,58.87552187,2,4,12,68.87855765,0,1
5873,58.89852516,2,5,5,55.9867152,3,0
7980,58.89921964,3,1,24,73.00188841,3,0
9132,58.90875218,1,5,16,53.85832953,2,1
3583,59.00827478,1,4,4,69.29396357,2,1
6127,59.02381069,3,1,20,85.10294835,3,1
8417,59.02603927,2,5,5,73.27383756,2,0
3353,59.06073375,1,5,22,78.51295795,1,1
9426,59.06372488,1,4,18,53.66679152,1,1
8381,59.07013592,3,4,4,84.29884506,2,0
2445,59.11136615,1,3,23,81.98851406,1,0
1606,59.13773906,2,1,10,55.24627999,1,1
6343,59.1603843,3,4,6,84.43287743,1,1
4289,59.16483359,3,4,3,105.0740816,1,0
454,59.17830523,2,5,11,63.11988108,3,1
322,59.18765162,2,5,19,66.38584441,1,1
123,59.20217097,1,4,2,66.9804159,5,1
9057,59.2073553,1,5,23,80.76559492,2,1
911,59.22777933,2,3,19,74.0580516,3,0
7934,59.22820108,1,5,23,84.81534594,0,1
5770,59.24257867,1,4,4,80.31143138,5,0
3428,59.26966352,1,4,15,73.47174589,2,1
8636,59.29466129,1,4,18,83.22724682,0,1
3993,59.30255819,2,3,6,66.72460105,0,1
8912,59.31865462,2,5,24,89.78757748,3,1
3163,59.3270384,1,5,12,68.96308779,2,1
3506,59.3312086,1,3,17,83.3481297,1,1
4698,59.34069745,2,2,20,72.67624558,6,0
8247,59.3982455,3,2,7,56.99382339,2,1
7429,59.42844219,1,5,19,67.42387765,2,0
1347,59.43566489,3,5,24,68.73248801,1,1
6774,59.45963026,1,5,19,67.04071898,2,1
2402,59.4601626,1,2,13,69.54239382,0,1
1841,59.4648277,1,5,8,80.09432603,2,1
9806,59.46904738,1,5,24,96.39240319,3,1
8336,59.51766537,1,3,3,94.61099268,3,0
6659,59.52621053,3,2,18,85.31080017,1,0
3380,59.54229341,2,5,23,50.53982693,0,1
727,59.56001396,3,4,14,80.84964376,2,0
1074,59.56687179,2,3,9,82.38001007,2,0
408,59.57174678,1,4,8,76.96744814,4,1
5926,59.57910668,2,4,10,87.9526482,2,0
8646,59.58812805,1,5,17,83.81536447,3,1
2179,59.59456807,1,2,11,61.49663436,5,1
2872,59.61587271,1,4,6,76.2205954,2,1
4533,59.64148946,3,3,9,60.14002452,2,0
9052,59.64523457,1,5,12,93.50654878,0,0
239,59.66645696,3,2,23,86.1464847,0,0
531,59.68633669,1,5,10,77.59834452,1,1
4875,59.70170724,2,5,18,56.90045877,3,1
8124,59.70171026,1,3,10,86.02461506,2,1
5760,59.70589529,1,5,18,62.99474069,1,0
9899,59.74432605,3,4,21,89.68495933,5,1
4195,59.75282231,1,2,19,66.97066133,4,0
8225,59.81613011,1,4,21,91.47083428,1,0
9548,59.81638108,3,5,7,68.43018637,2,0
6147,59.82692312,1,5,17,77.92986496,3,1
395,59.83465941,1,5,1,70.68644312,1,1
5294,59.83635559,1,4,7,63.01598162,1,1
5597,59.86883203,3,4,5,59.64731161,4,0
2076,59.87016549,1,4,11,79.33828939,3,1
543,59.87238138,1,5,6,67.14718011,0,1
1226,59.87338909,3,4,3,54.65188213,2,1
8661,59.8941319,1,5,7,77.52736548,4,0
4466,59.95405723,1,5,12,87.82877394,2,1
7543,59.96325735,1,4,3,71.77726901,2,0
8052,60.00476589,1,4,17,68.02246687,1,1
1720,60.00983558,2,3,23,64.45228946,3,0
7551,60.01770912,1,5,15,90.36686484,2,0
5848,60.03060382,1,5,15,73.46068237,2,1
8181,60.03330388,1,4,16,88.96918691,5,1
5485,60.03724723,1,5,18,76.04115824,4,0
7426,60.05740396,1,4,16,76.16457102,3,1
3894,60.09440252,1,3,5,81.35273098,4,0
2001,60.11348672,1,3,22,62.98683731,1,1
9699,60.14429657,1,4,5,82.98972521,1,1
7236,60.15759998,3,4,18,77.17777189,2,1
1328,60.19713093,2,1,14,68.6627822,0,1
3162,60.27359697,3,1,23,60.18956339,3,0
1633,60.28639317,1,5,4,71.73337484,3,1
7451,60.2966955,1,5,3,78.13005536,5,1
3002,60.31567023,2,2,12,76.31291198,1,1
829,60.3174302,2,2,9,71.78206112,2,1
8799,60.33342448,2,5,22,63.02620658,2,1
910,60.34623708,3,1,9,79.98564422,0,1
671,60.38567552,1,5,24,88.2238576,2,1
9478,60.41052544,2,5,15,76.10147311,4,1
6885,60.41975581,3,3,18,54.135167,4,1
8244,60.4555107,3,3,4,79.94547637,6,0
2194,60.47492399,2,3,13,84.80098232,0,1
5562,60.47875042,2,5,22,63.04570928,4,1
836,60.48379145,3,2,17,79.1432325,1,0
6435,60.51195502,3,1,9,84.00808912,4,1
5685,60.53311184,2,5,12,76.91170681,2,1
2669,60.54818617,2,4,13,63.2763279,3,1
7388,60.5483153,1,5,11,67.54416014,0,0
7668,60.58635098,2,5,13,71.99992187,2,1
1896,60.5952536,2,2,10,86.34760029,3,1
2704,60.606017,2,4,22,69.1471191,2,1
2130,60.60771555,3,1,18,66.83709511,2,1
6889,60.61717496,2,4,11,62.64411661,2,1
9189,60.63036008,2,4,5,83.22979038,2,1
9036,60.65824355,3,5,1,80.31484778,4,1
729,60.66132014,3,3,14,61.26586013,1,0
7345,60.67190941,2,4,11,88.92338999,3,0
5201,60.69176179,1,3,15,63.0194564,1,1
1514,60.69297057,3,2,17,72.678292,1,1
5683,60.70859616,2,4,11,73.95825293,1,0
6581,60.72655115,3,3,13,78.03729464,2,0
3534,60.73886366,1,5,14,58.70950013,2,0
7396,60.74724052,3,2,22,78.23097996,5,1
3286,60.75152152,1,5,10,78.90203951,2,1
5529,60.80586718,3,1,11,76.39790438,3,0
1793,60.81229359,2,1,8,77.43768577,2,1
2245,60.81233691,2,4,8,77.28037498,2,1
4615,60.81280284,3,2,17,73.36612937,1,1
7131,60.81460552,1,4,6,73.80921706,4,1
8515,60.83093498,1,5,14,61.64228452,4,1
2061,60.83233482,1,4,18,76.56473057,2,0
1156,60.83955436,2,5,18,88.49287682,2,0
6973,60.85400503,1,5,13,75.3076978,1,0
7020,60.87556023,3,5,1,62.91648398,2,0
5656,60.90704461,1,3,14,69.98589693,5,1
2443,60.93631124,1,5,4,72.48283453,0,1
5332,60.94558975,3,5,14,79.46752717,3,1
5819,60.95323446,3,5,5,72.59068475,1,1
4854,61.01692381,1,2,24,60.52602784,2,0
8403,61.01881195,1,5,23,66.46592272,3,1
6392,61.02713863,3,5,1,95.2752697,2,0
9871,61.03248848,1,4,23,79.82557643,4,1
5883,61.03249437,1,2,13,68.15118631,1,0
5457,61.05197502,1,5,21,84.53699696,2,1
8878,61.05829336,3,5,7,82.98047612,3,0
3922,61.08986887,1,4,20,74.83198497,2,0
1209,61.14580959,1,4,6,68.89771388,0,1
4583,61.15336096,2,5,24,90.93799709,1,1
1008,61.19526831,1,5,11,79.07404466,1,0
5775,61.20041741,1,4,3,65.91323531,3,0
3685,61.22815317,3,3,17,83.42256024,2,1
753,61.28564158,1,4,20,78.8406215,1,1
7391,61.32945821,3,4,22,86.33673755,4,1
6567,61.34573988,2,2,1,70.34004851,3,1
6331,61.35193566,1,5,4,75.28778482,1,1
9371,61.36696614,1,3,17,76.37039249,1,0
6963,61.37594123,3,1,18,82.45790715,2,1
5053,61.37802945,3,4,11,60.31996019,2,1
4957,61.43710458,3,3,12,72.49930134,1,0
3672,61.46577952,1,4,10,69.88115178,1,1
630,61.47477099,2,4,3,94.30752864,0,1
5617,61.49174099,1,5,13,100.0041527,4,1
4999,61.49979599,3,5,5,52.17610614,1,0
283,61.5064928,2,3,18,85.01434751,3,0
6033,61.51680292,1,5,24,67.38767511,0,1
2538,61.51754789,1,5,7,70.26936714,1,0
5851,61.51987868,2,5,21,84.57414729,0,1
5219,61.53001661,2,2,19,70.20452525,2,1
9344,61.56447523,1,4,15,66.78189936,2,1
858,61.58074387,3,5,19,77.73586538,3,0
7915,61.62223152,2,1,12,75.90904791,1,0
7621,61.63297371,3,5,23,77.18848898,3,1
5296,61.64425618,1,4,24,76.8484673,3,1
1847,61.675566,2,5,17,60.68080602,3,0
3076,61.67740203,2,5,2,78.86841473,3,0
9946,61.68159149,2,4,7,77.27341672,2,1
9733,61.68760872,1,3,20,66.0522918,2,1
4696,61.71601796,2,1,5,81.48823113,1,0
3783,61.71764963,1,5,19,83.06404336,2,0
2620,61.7283346,3,5,1,86.98543003,0,1
3968,61.79352572,1,2,24,74.81189666,1,0
1903,61.80166675,2,5,17,62.52319711,1,1
2165,61.82934752,1,4,24,81.30566909,2,1
1901,61.84942885,2,1,12,101.0668342,3,0
5030,61.86973901,2,5,22,80.25830095,4,0
5466,61.87175125,1,5,17,79.65588962,4,0
492,61.8939044,3,5,14,72.15602427,3,0
6373,61.97065797,1,5,4,68.33396525,0,1
8149,61.98649219,2,5,7,79.89331136,2,0
3175,62.03417105,1,5,20,82.73414399,2,0
7199,62.04130763,2,3,3,57.52776112,1,0
2716,62.04848347,1,3,5,97.28718421,3,0
2333,62.06115956,2,5,20,57.08135119,1,1
9758,62.06578795,1,2,5,59.91480903,2,0
945,62.07981173,1,2,9,70.58765104,1,0
1922,62.08611112,2,5,11,66.32316515,4,1
5988,62.09673112,2,4,12,80.41087688,1,0
8637,62.11145793,2,5,21,72.27900823,2,1
387,62.13021867,2,4,20,59.69836417,1,0
5809,62.19933422,3,1,12,83.00388575,1,0
8496,62.20244256,2,5,5,82.94546621,3,0
8019,62.2079575,1,4,10,76.58096209,0,0
9927,62.25607027,3,4,20,64.01131166,3,0
5467,62.26405938,1,4,23,74.68611182,0,1
9470,62.27160282,1,3,23,77.23595249,2,0
9748,62.27302754,2,3,2,83.35680241,1,0
3460,62.2851654,2,1,5,67.11537832,2,1
7275,62.29596983,1,2,1,99.10143139,3,0
151,62.30636392,1,2,5,72.42260465,1,0
1776,62.32841751,1,4,17,65.35964588,2,0
1727,62.33687589,1,5,17,62.4326423,1,0
4128,62.33884758,2,1,21,85.26483353,2,0
2639,62.34638438,1,5,20,72.68159312,1,1
7164,62.34909369,1,5,21,85.67114352,0,0
9346,62.35095846,2,2,8,61.45499558,1,0
9059,62.3789675,3,1,19,64.07546637,6,1
2920,62.3863951,1,2,22,78.37080916,1,1
6772,62.39212014,1,3,9,85.06234795,1,1
5989,62.3930701,1,4,8,73.55277054,3,1
8343,62.39318579,1,4,3,59.3503567,1,1
8409,62.40101567,2,4,6,77.84917053,2,1
312,62.40445002,2,4,17,66.75488584,0,1
2168,62.40477081,1,4,16,76.66949348,1,1
3653,62.42865644,2,1,15,84.9262291,2,1
5904,62.43754776,3,3,5,81.73257099,2,0
1391,62.46949289,1,2,19,67.09411633,3,0
6092,62.47977131,2,4,13,82.00249929,3,0
4297,62.51139201,2,5,21,86.1435685,3,0
6375,62.52960608,2,3,18,71.324237,1,0
1732,62.53172383,2,1,24,69.83664666,2,1
428,62.53230876,2,3,9,76.95432766,3,0
8573,62.56325342,1,5,16,73.29203511,3,0
7790,62.56601874,2,1,7,84.03838517,0,1
4212,62.58956193,1,5,24,80.57673431,1,1
8944,62.61628096,2,3,24,72.37445528,2,1
8804,62.63700561,3,5,13,81.0364012,2,1
5175,62.6500744,1,5,3,70.20902287,2,1
9155,62.66963764,3,3,10,75.52224336,3,0
57,62.67871132,2,4,22,59.84370427,1,1
6874,62.68649366,3,4,14,57.25046632,1,0
7554,62.71098631,3,4,16,82.20616429,2,0
65,62.83278167,1,5,19,78.90024787,2,0
9656,62.8516286,1,2,2,68.42160206,0,1
1176,62.86129001,1,5,8,88.16647307,2,0
9791,62.87358458,1,2,17,71.00211542,3,1
4038,62.92386041,2,4,13,78.06106859,4,0
7438,62.93044139,2,2,8,87.77735222,0,1
9911,62.95393461,1,5,21,89.07029531,1,0
6529,62.97080008,1,5,5,75.05881719,5,1
1525,62.98694846,1,3,6,76.18222657,2,1
7649,62.98999787,1,4,12,73.66220838,1,1
8292,63.02235465,1,5,1,96.95235029,3,0
9276,63.0539838,3,4,17,73.82066092,1,1
3720,63.06634408,1,5,4,73.5916064,1,0
4045,63.08901367,1,5,16,77.83411358,1,0
7878,63.09700882,2,2,10,55.70174613,3,0
7895,63.1389082,2,1,5,72.38588422,4,1
5383,63.14164106,1,5,8,59.21716053,2,0
6697,63.14318901,3,3,6,75.75568551,4,0
1916,63.16026939,2,2,9,59.48369592,1,0
7178,63.16370545,1,5,12,81.80473712,3,1
2371,63.17660412,1,5,24,53.67039273,3,1
4876,63.18629891,2,3,4,83.80060736,3,1
2451,63.18721099,3,1,19,87.20969865,2,1
5762,63.20365494,3,4,19,61.41760107,0,1
4168,63.20762236,3,5,10,57.77474237,3,1
5247,63.22055302,2,3,18,78.93801599,6,1
2515,63.22110251,3,1,17,71.35936392,2,1
2595,63.22929301,1,5,22,73.86221946,1,0
9675,63.23417283,1,2,19,86.43899845,4,0
4911,63.27205111,1,5,3,84.95727995,0,1
2242,63.27415016,1,4,18,74.71210683,1,0
5713,63.28850401,1,5,13,63.28183194,2,1
1507,63.30828788,2,3,20,85.20234552,2,1
2017,63.30985473,2,5,19,81.60302042,2,1
8607,63.31519881,1,3,8,80.28928122,3,1
7008,63.33728959,3,5,19,73.33570095,1,1
7383,63.33857516,1,5,3,62.79601666,6,0
72,63.3618389,2,5,14,70.26177243,1,1
631,63.37300724,1,5,1,78.76608698,4,0
899,63.38846779,2,2,11,74.71034681,3,0
1738,63.39272457,1,5,23,68.35044175,4,1
2435,63.39540382,1,4,3,91.67606958,3,1
260,63.48146823,1,5,23,66.67811315,3,1
9269,63.49868069,1,4,11,74.67795709,4,1
9174,63.53871764,3,3,10,80.27201004,1,0
3472,63.54242324,3,5,20,81.47805827,2,1
3508,63.55771017,1,5,16,75.14052933,1,0
7984,63.57557534,3,4,18,72.81657874,5,1
7065,63.61235142,1,5,14,78.64743316,5,0
2437,63.6143563,1,3,12,60.57008414,3,1
3874,63.64556901,1,3,22,75.05027009,1,1
1983,63.64885317,2,4,7,64.88556944,3,1
165,63.66763769,1,2,6,80.76373208,1,1
3895,63.67677929,2,5,3,84.22137896,3,1
1346,63.68040565,2,1,1,69.2812701,2,0
8363,63.70366961,1,4,10,70.38554374,0,1
632,63.73289431,1,3,21,62.40465372,5,1
4806,63.74812852,2,5,4,78.28063615,0,0
3816,63.78474147,1,5,17,68.52535886,3,0
1469,63.78705734,1,5,2,87.79337834,4,0
683,63.79203713,1,5,5,63.4243245,0,1
6138,63.82843205,2,5,1,85.79093298,4,0
9958,63.84423596,1,5,19,77.58303562,1,0
3091,63.84695101,2,1,3,70.43614679,3,1
7123,63.85872285,1,5,19,85.23957341,4,0
4627,63.88351094,3,2,20,88.34612666,2,1
5633,63.90315651,1,5,10,83.4299295,1,1
7740,63.92055495,3,3,4,75.94331847,2,1
2711,63.9394033,2,4,4,64.45320299,3,1
1850,63.95005529,2,3,4,75.52391871,3,1
3317,63.98180073,1,5,21,84.36557704,1,1
2873,64.00384927,1,5,5,69.34070388,3,0
5366,64.00545629,1,2,12,89.47254081,0,1
7546,64.0088522,2,5,16,74.20235563,1,0
7877,64.02119067,3,5,10,91.86919958,1,1
503,64.02782771,1,5,11,89.92925962,1,0
868,64.04683745,3,4,20,91.81137886,3,1
1407,64.06300728,1,4,11,88.25690793,2,1
8730,64.09178779,3,1,8,69.49259539,1,1
8227,64.11796258,1,5,21,69.36997151,2,0
1752,64.13149955,2,5,8,69.02875589,3,1
8370,64.15339762,3,5,4,81.39893015,4,0
6013,64.18733458,1,3,5,88.74108434,4,1
7338,64.19654319,3,5,19,78.32369118,1,1
3766,64.19791016,1,2,22,73.5695424,2,0
1682,64.20131348,2,5,15,78.72540712,2,1
1005,64.21263323,3,5,2,76.00648906,1,0
6114,64.21974428,2,4,4,80.49252444,1,1
5900,64.22563889,1,5,17,77.23578851,2,0
1736,64.23016828,1,5,3,73.45142949,5,1
9388,64.23702365,3,4,7,82.46405941,2,1
7304,64.26202907,1,5,21,77.89746008,1,1
5067,64.30094902,1,5,3,87.69823217,2,1
3644,64.35808546,2,3,16,80.8575725,0,1
6796,64.41960562,3,1,14,80.35964876,3,0
7066,64.43720859,2,5,1,63.25701086,5,0
4828,64.4548108,2,5,11,77.96173666,1,1
3061,64.48348118,1,4,23,83.71971825,3,0
3309,64.53036562,2,5,18,94.06129122,2,1
6473,64.53353635,2,1,18,80.41745807,4,1
8592,64.5408139,1,3,9,58.63094719,1,1
9023,64.54098344,2,3,13,81.07477229,3,1
3799,64.57528776,1,5,11,77.05037889,4,0
8480,64.60471236,2,5,18,66.61429692,1,0
2934,64.62787627,2,5,14,87.06203281,0,0
1989,64.64029333,2,5,21,71.3143388,3,1
4879,64.67337951,3,5,3,79.09733926,2,0
4544,64.69005711,1,2,6,76.19895157,1,1
3458,64.74536524,1,3,5,72.48545608,0,1
6576,64.77773915,1,5,24,61.31395557,2,1
9534,64.77878017,3,5,16,73.43641939,3,0
4259,64.79053219,3,1,11,79.07595764,1,0
1897,64.79237834,1,3,18,83.21045698,2,0
1284,64.80281182,1,4,14,76.87246618,1,0
1413,64.82025342,1,4,22,82.405342,3,1
8286,64.83680289,1,5,10,83.58778305,0,0
2865,64.83898256,2,1,4,80.38194664,3,0
9513,64.85138906,1,5,5,60.25080704,1,0
994,64.85575883,3,2,2,67.28560627,2,1
6475,64.88200912,2,3,23,79.1093754,1,1
6241,64.89303103,1,5,21,54.02003605,1,0
7055,64.89984213,1,5,15,83.55650068,1,1
8028,64.94535225,1,5,3,72.67776131,2,1
5826,64.9944291,2,5,6,76.23096297,3,1
2454,65.00818113,1,5,11,90.19688934,3,1
7823,65.02135023,3,5,2,80.70670655,2,1
8453,65.03345376,1,5,1,87.70276878,1,1
8426,65.04461729,1,5,8,93.91238847,3,1
4150,65.06343894,1,4,15,66.79433345,0,0
3822,65.065801,1,5,13,85.8300068,2,1
2762,65.08879031,2,3,18,75.53308795,0,1
1550,65.09056794,1,5,7,84.03040042,3,1
3256,65.11087315,1,5,3,69.13792157,3,0
6081,65.1454822,2,5,9,61.83364156,2,0
2243,65.15471212,2,5,10,57.65187744,1,1
4285,65.23650529,1,5,2,76.27045099,1,1
2313,65.24038169,2,4,7,69.23454522,1,1
8001,65.27254282,1,5,3,74.83662902,1,1
49,65.27701569,1,5,19,90.60015925,8,0
6345,65.28880254,3,3,14,85.89875455,3,1
6517,65.295185,2,4,24,67.91585453,1,0
3691,65.29802665,2,5,24,92.40375678,3,1
2649,65.31253683,1,5,20,83.93456085,1,1
8071,65.31972202,2,5,24,72.76337022,2,0
2658,65.32451899,2,4,9,67.01041467,1,1
5895,65.33370855,1,4,19,89.95055332,6,0
1784,65.33710518,3,1,23,72.17732688,1,1
6142,65.36614784,1,5,13,74.37971366,2,1
3856,65.368779,3,3,13,74.18992194,2,0
4945,65.38482976,3,3,23,77.2882288,2,0
411,65.38990328,1,5,16,80.04195806,2,1
7443,65.39081353,2,5,23,78.69709341,3,0
9757,65.44543102,1,2,1,96.27635106,2,1
6071,65.47493232,3,5,19,79.7791628,3,1
3197,65.48574058,1,5,19,78.80274633,0,0
493,65.48839982,1,5,11,53.99514618,0,1
5861,65.5143695,3,3,10,84.24060453,8,1
5371,65.51540633,1,5,18,67.93461763,2,1
5139,65.55830795,1,5,10,82.16233601,3,0
3116,65.5659004,1,5,16,69.56371414,3,0
5023,65.57873847,2,5,5,52.38035938,2,1
9457,65.64601285,1,5,4,79.51549185,1,1
8720,65.65856493,2,1,23,83.99756024,1,0
8435,65.70078928,2,5,4,72.16327727,4,0
8749,65.70380607,2,5,17,76.13049166,1,1
944,65.73541489,1,5,19,80.27972234,1,1
1437,65.74216075,2,3,6,71.15485859,5,0
7722,65.74888618,1,4,15,76.63827793,1,0
9726,65.75969103,2,3,18,66.42599783,5,1
1396,65.78895624,3,5,15,79.24297979,3,1
7507,65.80961028,3,4,13,63.89775682,2,1
1725,65.82087506,2,5,7,72.88406904,2,0
707,65.82874577,1,5,24,61.44389614,1,1
5068,65.86071682,1,5,17,61.54865129,4,0
1405,65.86375297,1,2,18,77.4237182,0,0
7124,65.86802416,2,5,4,65.02224351,4,0
5914,65.87544458,2,3,22,75.74874825,0,0
4773,65.87633512,1,4,14,78.11482453,1,0
586,65.87957537,1,4,21,82.63210557,4,1
9906,65.90518272,3,4,14,88.1898923,4,0
2812,65.91133932,1,5,16,55.83498422,6,0
6130,65.91548873,1,5,3,88.89951981,3,0
278,65.9559719,3,3,9,76.25980407,2,0
1164,65.95695504,1,4,15,92.96769258,5,1
9524,66.00354683,3,3,16,70.89701058,1,0
7142,66.03074927,3,5,2,83.98077301,2,1
8436,66.03919906,1,5,24,71.72475852,6,1
7897,66.04809111,3,3,2,72.45925041,6,1
9469,66.09308285,2,5,7,80.87993007,1,1
7806,66.12445144,2,5,20,76.04825519,2,0
6663,66.13575799,2,1,10,67.53440552,1,1
6673,66.14011824,1,4,16,74.91245409,2,1
3121,66.14502033,1,5,9,67.54804429,2,1
4796,66.1464895,1,3,22,90.19084666,3,0
8020,66.15392173,2,3,12,65.42253873,1,0
1771,66.21687426,1,3,4,65.50108523,2,1
813,66.27208106,3,5,11,91.92452063,2,0
1566,66.27235418,1,5,17,80.85445746,3,1
8639,66.28880271,2,3,14,64.13317009,0,1
3433,66.31325145,1,5,24,89.60390794,4,0
2964,66.36179229,1,4,18,75.78626882,3,0
2844,66.37106504,1,5,22,72.38035931,0,1
4848,66.42059597,1,5,14,83.76907771,5,1
5561,66.44930331,1,5,9,85.87604944,1,1
3235,66.47054577,1,5,21,88.6943999,5,1
936,66.47590306,1,5,17,93.86753082,2,1
3775,66.50053493,3,2,5,78.05673552,8,1
1251,66.54062685,1,5,24,90.33166825,2,0
6104,66.55026812,3,5,8,75.49380449,3,1
5392,66.56700502,1,3,3,58.33292675,4,0
3001,66.57232251,3,5,22,81.56063597,1,1
8757,66.60877958,2,5,18,75.84238156,1,1
7858,66.6154379,1,5,18,68.94358033,4,0
7481,66.61886522,3,3,7,65.05151256,1,0
1163,66.63333608,1,5,18,81.15826723,1,1
4174,66.63388028,1,5,18,73.80885739,2,1
3100,66.65083157,3,3,11,69.19435039,3,0
8320,66.68250506,1,4,15,91.52064744,3,1
7522,66.68422801,2,1,4,72.13778769,5,0
9641,66.69708619,2,2,11,71.85822139,5,1
4097,66.72161848,1,5,18,79.68273439,4,1
9715,66.72504167,1,2,11,73.41087974,2,1
3920,66.73472915,1,5,9,71.03525864,1,1
3065,66.74391656,2,2,24,67.53435795,1,1
8628,66.76578796,2,5,8,89.77517123,3,0
8446,66.79837532,1,5,4,64.49699557,2,1
1740,66.81052196,1,5,15,82.56738257,3,0
7501,66.81055835,3,5,5,70.83862132,2,0
3670,66.81278166,1,3,7,76.61648111,1,1
2661,66.83921501,3,5,23,85.95246758,4,0
3426,66.8486363,2,5,10,78.69350546,2,1
9913,66.89245059,2,2,20,54.25433255,2,1
2351,66.89886185,3,5,18,70.27236384,2,0
4730,66.92240174,2,5,4,71.58954963,4,0
3419,66.94083734,3,5,14,75.85387376,3,1
1960,66.94556005,2,5,19,73.67465523,2,0
8642,66.95479497,3,1,12,78.79696071,3,1
953,66.96242114,1,5,12,83.48829717,4,0
906,66.9765027,1,2,7,71.80000113,3,1
1444,66.97941682,2,3,18,79.83939958,0,1
4951,66.98441978,2,5,4,68.86762771,4,0
3074,66.99314379,1,5,24,67.49369692,3,0
7536,67.00251366,3,1,9,90.21920576,2,1
529,67.02327512,2,5,10,77.51772514,2,1
9769,67.03524328,1,5,16,70.41542502,2,1
2582,67.03663381,1,5,2,75.74481175,3,1
1228,67.05575409,1,5,3,69.67500717,0,1
290,67.06274961,1,4,24,79.48779016,2,0
3574,67.08621526,2,3,11,89.01266313,2,1
3228,67.1401712,1,4,4,69.24148157,0,0
5776,67.15299483,1,5,2,79.04586563,0,1
3016,67.15396455,2,5,20,71.09002119,1,1
3456,67.15845654,1,5,8,67.56170679,1,0
655,67.17494059,2,5,16,62.82376291,3,1
711,67.17520573,2,5,7,50.93257047,2,1
2164,67.19653767,3,3,19,72.9897011,2,1
1854,67.22419973,1,3,21,78.74689306,2,0
536,67.27462991,2,5,16,77.94588266,4,0
5681,67.29610801,1,2,12,76.1349708,1,0
6549,67.30134006,1,5,5,76.35843506,1,0
8279,67.35923654,3,5,22,77.73123898,1,1
1577,67.36555437,1,5,16,75.07884379,1,1
3880,67.36799272,2,1,23,73.65460712,0,1
8309,67.43131076,1,5,18,75.60018944,1,1
5504,67.46559192,1,5,16,91.12881484,3,0
4937,67.46619717,2,5,6,99.89816972,1,1
3293,67.5027251,1,5,2,69.26387407,4,1
3080,67.56183031,2,4,7,67.12372035,1,0
7100,67.56244147,2,4,3,56.94167838,2,1
1336,67.66851818,1,5,20,56.11600155,2,0
8215,67.67403136,1,3,7,75.43203366,0,1
1533,67.67755335,1,4,15,80.66434399,4,1
670,67.7087849,1,5,8,73.84261823,0,1
2162,67.72730713,1,4,23,84.42630209,1,0
612,67.75807355,1,4,8,74.88447081,0,0
3315,67.77499876,2,4,5,87.26526724,2,1
4136,67.77694826,3,3,18,87.5121725,2,0
3544,67.78180897,2,5,15,87.9924605,0,0
1575,67.79412042,1,2,16,81.298682,2,0
4275,67.80246227,3,3,18,65.0010496,1,1
7,67.82139293,1,5,10,88.56777664,1,1
1845,67.83542584,1,4,9,77.51690176,0,0
6419,67.85407974,2,5,13,78.08789281,3,1
1560,67.85761976,1,4,11,89.2259455,2,0
3562,67.86729473,2,5,20,63.03718945,3,1
6225,67.89374588,2,2,24,50.9329521,3,1
5599,67.94410593,1,5,23,72.93972123,1,1
7689,67.94722429,1,4,23,72.10500029,2,0
9667,67.95579954,1,3,20,55.63674809,1,1
2483,67.97158563,2,5,13,73.0289298,1,1
5385,68.00063269,2,2,4,85.4683759,0,1
5424,68.03732542,1,5,21,88.70202982,2,0
9407,68.06440339,2,5,3,76.01682453,0,1
3406,68.0757152,3,4,9,72.95725741,4,1
7769,68.0832609,1,5,20,67.63123856,0,1
8719,68.13009338,1,5,24,91.0519078,5,0
1135,68.15106321,3,5,5,61.63898739,1,1
1809,68.15209375,1,5,24,76.21428463,1,1
2563,68.18387759,1,5,6,73.77939459,1,1
495,68.2060067,1,5,14,78.53806447,1,1
6701,68.2110633,1,5,5,68.69210176,3,0
1287,68.26126336,1,5,12,76.85904052,2,1
4184,68.26244401,2,5,15,55.51828046,2,1
445,68.2730145,2,3,13,73.87908282,2,0
5990,68.29830893,1,5,8,79.66485208,3,0
9511,68.29955956,3,5,10,73.32876193,1,0
1995,68.31096672,2,4,16,84.46496016,1,0
9209,68.32357035,2,3,14,81.46139725,2,1
6688,68.35493482,1,5,21,70.94776775,2,1
1979,68.40500013,1,4,13,75.71418208,2,1
653,68.42759954,3,5,16,58.80535166,4,1
4086,68.44385814,2,3,13,68.10168998,1,1
965,68.45417906,2,4,11,90.81178718,3,1
3558,68.49088918,3,3,10,72.71320182,0,0
9336,68.5019025,1,2,15,72.58393959,1,1
8638,68.51025778,2,2,1,88.77248743,5,0
1549,68.53849441,2,4,22,76.54590194,0,1
4066,68.54824007,3,1,21,73.23507122,1,1
176,68.58905397,1,5,18,79.78430488,3,1
3045,68.6296377,3,3,21,63.24007888,3,0
3454,68.63174655,1,5,17,83.84407028,2,1
8771,68.63198082,2,4,9,68.77015432,1,0
3643,68.6329353,1,4,19,71.10678144,3,1
1830,68.63302803,3,1,23,86.35001148,2,1
8391,68.64966713,3,5,6,69.23147175,1,0
7247,68.68235871,1,2,7,67.36398584,4,1
6577,68.68408145,3,4,6,76.18941397,0,1
8230,68.70377536,1,5,12,61.05580869,1,1
9142,68.72103951,1,4,21,71.10065973,3,0
1867,68.78896335,1,2,20,81.24564701,0,1
7683,68.79933888,2,1,23,61.97150429,2,0
5672,68.79936921,1,4,3,72.8088352,3,0
470,68.81411441,1,5,3,69.67831385,3,1
9720,68.83991048,1,5,14,68.57492409,3,0
4528,68.85276816,2,4,20,59.64422165,5,0
5631,68.88370311,2,5,14,85.89176048,0,1
356,68.899217,1,3,16,56.18220973,3,0
2272,68.91866886,3,2,21,50.87588318,1,0
2490,68.93369783,2,5,4,71.20268646,3,1
424,68.95857962,2,4,6,71.76375623,2,0
8120,68.96774504,1,4,21,63.29129022,2,1
2955,68.97721451,1,4,24,80.61621123,2,0
7552,69.02770487,1,3,18,77.98721619,1,1
2479,69.05955962,1,5,9,68.81947795,1,0
156,69.09248009,1,4,21,81.53867366,2,1
419,69.13898617,1,5,12,61.84439606,1,1
1073,69.14601378,1,5,4,83.56898224,3,1
5661,69.20465086,2,3,4,80.42170891,2,0
5817,69.21429431,1,4,10,84.42508849,1,1
8571,69.22544765,1,5,11,82.99833474,3,1
9611,69.23102582,3,5,4,71.15193456,2,1
1017,69.24044521,2,1,11,43.73391358,4,0
9517,69.24296113,2,3,7,98.90057647,2,0
518,69.25812909,2,3,23,62.43254916,0,1
5741,69.2714908,3,5,8,65.01182651,4,1
3563,69.27615343,2,5,12,61.28224495,2,1
6714,69.2882201,3,5,10,72.57317119,2,1
1537,69.29320824,2,4,17,82.61022243,3,1
7530,69.29600822,2,5,17,76.99206798,1,1
4789,69.31366238,1,2,19,86.53929937,3,0
9453,69.33902533,1,5,22,79.82700082,4,1
2419,69.33972976,2,5,8,82.50640659,0,1
5100,69.38392889,2,3,20,80.1613119,2,1
6226,69.39340903,2,1,23,70.23278596,0,1
6024,69.39706475,2,1,18,85.00782246,3,1
8578,69.39818267,2,1,1,70.56520461,2,1
3013,69.41008003,1,4,15,71.73625373,4,1
9334,69.41539797,1,5,1,81.13216106,1,1
3138,69.44226282,1,5,1,83.56486568,2,1
9666,69.46833578,3,2,13,81.22357604,0,0
7093,69.49694542,2,5,17,60.87380016,0,1
7363,69.54514822,1,5,16,95.79316593,0,1
4444,69.56329841,1,4,15,77.64217127,1,1
3754,69.57999128,1,4,10,75.67180054,2,1
6077,69.58933702,1,2,16,76.73691547,3,1
6076,69.60306221,1,5,6,76.62579169,1,1
9464,69.61555408,1,3,16,74.69177489,5,0
534,69.62058105,1,3,14,84.90993207,1,0
9442,69.74847571,2,4,6,85.58802148,4,0
7255,69.78491785,1,5,11,81.5726201,1,1
5486,69.78766294,2,5,20,74.2112209,2,1
382,69.79583035,2,1,20,71.75434918,1,0
8986,69.80726748,2,5,2,87.95725915,3,1
2477,69.81244102,2,4,1,73.64517151,1,0
7333,69.9249343,3,3,6,70.67428825,0,0
3852,69.93653399,3,3,5,88.8416678,0,0
4558,69.98469259,2,4,7,88.15972402,1,1
140,69.99619025,1,5,15,83.79621153,2,1
8597,70.00487501,1,5,12,65.00660416,2,1
8483,70.04606147,1,5,10,80.09999047,2,1
285,70.07246062,1,5,5,75.66362075,8,1
2219,70.08466771,3,1,10,71.16448452,4,1
821,70.09568446,2,5,6,85.48032143,6,0
7117,70.09975482,1,3,13,80.92703885,1,1
5966,70.10506874,2,3,14,88.20590154,3,0
1333,70.12242544,1,4,22,96.77150976,0,0
4120,70.15547662,1,2,13,67.09160972,0,0
2533,70.17642888,1,5,19,82.25765232,3,0
1778,70.17645935,2,5,19,87.84954705,2,0
7380,70.17989112,1,2,10,58.83725304,4,0
6930,70.23295141,1,5,22,85.57407813,4,0
5472,70.2410741,1,5,10,75.87829241,2,1
9409,70.2995959,1,5,24,64.08407451,0,0
2018,70.31753303,1,4,18,62.75066567,1,0
7768,70.32138641,3,3,13,90.36055421,2,0
6932,70.33181378,1,5,22,88.5067415,2,0
8961,70.35198606,1,5,5,68.39669571,2,1
7125,70.37231874,2,5,23,67.77652322,1,0
7079,70.39590753,1,5,18,80.11166478,2,1
6132,70.40554399,1,5,24,81.15848838,2,1
6969,70.43138763,2,5,16,67.0918705,4,0
1585,70.47944076,2,1,9,70.88098774,0,0
624,70.52790006,2,2,23,76.00418577,1,1
5721,70.52885552,1,4,14,88.06585888,2,1
8295,70.54000879,2,4,13,51.20095601,2,0
2150,70.54972601,1,4,8,79.44453389,3,0
538,70.57086662,1,5,1,86.08399409,4,1
2186,70.60225526,3,4,24,79.53539096,3,1
9056,70.60575571,1,4,18,66.8422315,4,0
9129,70.61920135,2,3,17,67.84907739,1,1
4769,70.64124449,3,5,24,75.13225785,2,0
4019,70.65611287,1,3,19,68.27961096,1,0
4482,70.66414697,1,5,2,73.49200228,2,1
7741,70.6696602,2,4,23,66.64280766,1,0
6571,70.67020473,2,4,17,67.5343219,2,0
1263,70.69907111,1,5,10,81.19465253,1,1
3532,70.71757188,1,3,17,87.43190542,3,1
1053,70.72868129,1,2,24,86.33746584,2,0
546,70.75635295,3,1,4,78.86544733,2,1
7653,70.79859854,2,5,15,77.97232277,1,1
9401,70.80141738,1,3,5,79.8140434,2,1
5223,70.84554162,3,4,2,78.84157875,2,0
2495,70.8887294,1,5,15,73.96026689,3,0
3440,70.91475563,3,5,19,74.44746704,2,1
5306,70.93710646,1,5,23,86.16297285,0,0
3525,70.94632703,1,5,3,79.10877479,4,0
7314,70.94732615,1,5,19,58.94713679,2,1
1044,70.99606295,1,5,6,85.2677468,2,1
4521,70.99923265,2,4,10,81.74691257,5,1
1191,71.00700717,1,5,1,71.32421827,0,0
6207,71.01843131,2,3,8,70.32471132,1,0
8917,71.01969128,1,4,21,100.2651492,0,1
8098,71.06144328,3,1,12,75.89352628,2,1
7017,71.10172023,1,5,8,59.48454432,2,1
1049,71.10212669,1,2,4,68.69235787,1,1
3169,71.14325044,2,4,13,75.18252384,0,1
3769,71.1505945,1,3,4,74.06633045,1,1
1300,71.19290401,2,5,7,65.20174536,1,1
7644,71.22253418,1,5,16,81.66427632,3,1
9687,71.22758811,2,5,19,57.29986322,0,1
1037,71.24109299,1,5,18,77.39820537,3,0
844,71.2531321,1,5,2,61.63064378,1,0
3263,71.27359622,3,5,1,83.90617341,2,0
6239,71.42980073,1,5,3,86.4426601,1,1
76,71.43367592,1,4,2,74.38892633,3,0
1367,71.49028826,1,3,23,69.39687935,1,1
5650,71.53314881,1,5,13,66.99412351,2,1
5928,71.53414313,1,5,22,70.18711902,2,1
8194,71.59907409,1,5,14,51.16806688,0,0
1010,71.60726057,1,5,20,72.29910655,2,1
6155,71.60841114,1,5,4,71.12970676,3,0
8258,71.61691112,3,2,24,66.52050257,1,0
4264,71.63935726,1,4,8,58.9682942,3,0
9590,71.64095461,1,5,23,80.82473618,1,0
2883,71.65183141,1,4,6,71.72269064,0,1
3202,71.65246605,1,5,2,75.01562591,3,0
4638,71.67564226,2,1,1,57.37732589,3,0
7908,71.67916218,2,5,14,75.15325714,2,0
4651,71.69885811,3,1,7,85.49856336,5,1
8412,71.7139112,3,2,4,77.67052175,1,0
6737,71.72469312,1,5,3,71.98385801,0,1
3814,71.76482861,3,4,12,75.47634176,0,0
1461,71.76877207,3,5,12,73.51278447,1,1
1379,71.81971116,2,5,9,85.57471977,6,1
7163,71.82055508,1,4,13,75.7793109,4,1
7409,71.88490137,2,5,8,81.37368146,5,1
4815,71.90138918,3,4,5,75.07507559,2,1
3511,71.9295004,1,5,8,74.18595229,0,0
3326,71.97562404,1,4,11,67.88717642,1,1
3933,71.9884918,1,5,6,61.53109847,2,1
9300,72.07719118,3,4,5,78.21533985,0,1
6692,72.07779052,1,5,14,70.19280333,0,0
2845,72.08705854,1,4,12,53.75818209,1,1
2868,72.10519595,2,4,16,78.06895164,1,0
7313,72.11829631,2,1,22,83.30916272,4,1
1660,72.14849518,1,2,9,65.29332855,3,1
648,72.15023163,3,5,23,73.89175848,2,1
7729,72.1644128,1,2,6,72.69164296,1,0
4248,72.17058963,1,4,8,81.93810448,4,0
6449,72.18210094,2,2,7,66.00790867,7,1
4023,72.21672292,1,4,2,77.55626514,2,0
1188,72.24824367,1,2,17,70.44181958,3,1
5351,72.2558474,1,5,12,71.21698176,1,1
3298,72.25768437,3,4,9,90.64966866,1,1
4722,72.26452159,3,4,4,81.27778904,4,1
6550,72.27815899,1,2,11,73.67089743,4,0
9137,72.27899669,1,3,11,71.47091396,0,1
458,72.29434122,1,5,13,65.95847936,3,0
9251,72.3026658,1,5,19,95.9089438,1,0
2677,72.31806589,1,5,8,76.39309307,1,1
8491,72.35351326,1,5,22,74.57769525,2,1
7967,72.37958855,1,5,11,69.75477813,2,1
8935,72.42074709,1,4,1,84.75353274,3,1
7094,72.42909131,1,2,19,90.48426203,5,1
6015,72.43068521,1,5,15,81.85230435,3,0
2359,72.43308259,3,2,8,66.17639845,0,1
9328,72.45129694,2,3,16,73.39864298,4,0
2466,72.46265829,2,1,17,74.48240976,3,1
1206,72.48038299,1,5,14,72.14330661,2,1
6067,72.48231759,3,5,20,83.75194586,0,1
8325,72.49651671,1,5,18,79.51385197,0,1
3119,72.54487829,2,3,7,73.69767461,0,1
374,72.56142502,1,5,24,86.63450754,1,0
6320,72.59195367,3,4,15,91.83005173,0,1
1551,72.59880089,1,3,9,78.24520192,4,1
7961,72.60596403,1,5,16,69.27260325,0,1
561,72.61957028,3,2,13,77.2646404,1,1
1,72.64608659,2,3,16,97.5673218,1,1
6653,72.64874288,3,1,1,70.56594805,2,1
7721,72.68385067,1,4,17,74.17393071,1,0
7647,72.68691746,3,4,17,81.88719225,5,0
2417,72.68727292,1,4,5,87.08338724,3,0
9395,72.72508021,2,3,20,75.29657644,1,1
8135,72.74133985,2,3,9,78.74598188,1,0
3842,72.74197965,1,3,12,71.71721901,2,0
4245,72.82254958,2,1,15,61.93120862,1,1
1286,72.8300925,1,3,17,87.49252551,3,0
995,72.84407969,1,5,10,76.28203142,4,1
7654,72.86142094,2,5,5,63.63939613,3,1
2348,72.86565819,1,2,21,69.77427332,1,0
7845,72.87494192,1,5,6,63.66154012,2,0
9483,72.89812594,1,3,8,84.61491679,0,1
598,72.89842152,3,4,13,70.97485157,2,0
511,72.92442405,1,5,5,75.7722177,2,1
9886,72.92584284,1,5,10,81.2779058,2,0
5594,73.01293437,2,1,24,89.06369092,4,1
1052,73.12342886,1,5,2,72.54322559,3,0
808,73.12527615,1,4,11,63.59620768,4,1
69,73.12772819,1,3,19,67.81889133,0,1
7684,73.14262367,1,4,11,85.93169632,3,1
4347,73.17455702,2,4,5,76.54361287,3,0
3651,73.20655006,2,4,14,78.73635746,1,0
4841,73.20778321,2,5,16,85.71745192,1,0
547,73.2142277,1,3,15,105.3180014,3,1
4499,73.22934675,1,5,22,68.53000593,3,0
8653,73.23353639,2,2,16,65.50167581,0,1
3848,73.24075217,1,5,14,76.061264,2,0
7756,73.2443286,1,4,16,82.36327611,2,0
3722,73.30354282,3,4,16,76.20108522,2,1
2974,73.30447798,2,5,3,72.85975076,2,0
9651,73.31154168,1,5,6,67.34277834,1,1
339,73.3221377,1,5,16,73.60817098,1,0
6527,73.35139492,1,3,16,78.01601691,5,1
4201,73.37211763,1,5,2,71.70574973,3,0
8958,73.43001836,1,5,17,84.17958071,1,0
3887,73.43148203,2,3,3,68.19233848,2,0
2796,73.53571423,2,5,14,83.78840283,6,1
8705,73.53662988,2,3,7,83.32800089,0,1
4527,73.55926189,2,5,4,71.3792865,4,0
7482,73.56108907,3,3,1,72.35976364,2,1
1105,73.57235124,1,2,17,73.17863665,3,1
440,73.57262174,3,3,7,84.9235826,2,0
6829,73.59255754,2,3,5,76.72173047,2,0
5347,73.65198885,1,5,19,64.20836162,2,1
1531,73.66691803,1,4,23,72.78884039,2,1
7310,73.69463031,2,5,4,76.77663484,0,1
3272,73.70272222,3,5,17,71.19820996,3,1
1120,73.7094974,1,5,9,84.05528842,0,1
5894,73.75066003,2,5,18,69.95938001,5,1
8139,73.79163311,1,5,21,78.73428726,1,1
7997,73.79673635,1,5,7,62.11502577,2,0
5382,73.80459423,1,5,2,80.26318079,3,1
1930,73.80961487,1,5,14,78.40771665,1,1
9103,73.81911491,2,3,5,70.79580849,5,1
9102,73.84442807,1,5,12,59.11356524,3,1
1628,73.84546327,1,3,8,78.10894905,2,1
9094,73.88855278,2,3,8,81.58569674,2,1
9559,73.90688027,1,5,19,68.50854115,0,0
7545,73.91134924,3,4,20,72.19531396,2,1
6710,73.91189882,1,4,2,87.64929177,3,1
6706,73.93421603,3,4,13,61.54645295,1,1
7714,73.95403142,2,2,24,76.55931858,3,0
2412,74.00105967,2,5,3,55.09496828,2,0
7434,74.03006697,1,4,2,74.07500517,2,1
8294,74.04386815,2,5,15,97.34481328,3,0
8064,74.07905514,3,4,11,79.19150072,2,1
3296,74.10367876,3,3,4,76.99265643,2,0
4939,74.10635075,1,5,15,69.40643727,3,0
4337,74.14028358,1,5,11,73.03300635,3,1
4946,74.14807768,1,3,21,75.95468262,3,1
6694,74.15039037,1,4,15,67.76778482,3,0
2774,74.17214107,1,5,6,57.52726144,3,1
5154,74.19745753,1,3,13,69.22875729,3,1
9294,74.21868696,3,5,22,63.69719161,4,1
8237,74.2541593,1,5,20,52.46352606,3,1
9503,74.25481073,2,5,19,75.15747907,1,1
8466,74.28452407,2,3,24,55.46926283,2,0
7367,74.30745746,2,1,3,77.67509552,1,1
3339,74.31724789,1,5,4,64.03960171,2,0
9176,74.32259446,3,3,3,63.34348582,2,1
1335,74.32916497,2,3,17,71.76344823,1,0
9721,74.38698383,1,3,9,80.41810947,2,0
6705,74.39084373,3,5,8,81.55621997,1,1
3686,74.41471774,1,5,17,65.6277924,1,1
3493,74.42162932,1,3,19,71.23513958,2,0
9430,74.43271377,2,2,21,60.38814799,1,1
2935,74.45577771,1,2,19,61.71846799,2,1
2216,74.47644492,1,4,6,84.72871468,1,0
8498,74.50323327,1,5,9,86.94363082,3,1
4410,74.50957548,1,5,19,80.81836007,1,1
5604,74.51639462,2,5,1,68.42097481,0,1
5812,74.53917157,1,3,11,89.7152247,2,1
3844,74.54448749,3,5,8,77.3828009,1,0
7557,74.56814001,1,3,14,79.90553332,1,0
7986,74.57510421,1,2,9,77.85196821,2,1
3649,74.57615742,2,2,12,70.67101655,4,0
980,74.58926766,1,5,18,60.29036873,2,0
2591,74.59614459,1,3,3,65.67468232,4,1
301,74.62242751,1,5,19,69.24226113,3,1
7663,74.62384676,1,3,21,80.57752808,2,1
8808,74.65263987,2,3,24,72.07742867,2,0
137,74.66039199,3,1,4,87.34485676,1,1
2066,74.68968331,1,5,11,72.7404422,3,0
1267,74.74953397,1,4,23,81.05958708,0,1
9384,74.78557723,1,2,23,66.44551417,3,1
8872,74.92783549,1,5,15,79.90022605,1,1
4537,74.94060589,2,5,2,64.02133594,0,1
5131,74.97610794,1,5,19,73.50364737,2,1
402,74.98213317,3,5,1,59.34236351,3,0
5451,74.98941503,1,5,13,66.76849181,4,1
7596,74.98955679,1,2,18,88.49044967,1,1
9852,75.01219981,1,5,13,88.37311437,3,0
4648,75.07988112,2,4,7,73.76686252,0,1
8763,75.08472182,2,4,22,78.41524673,2,1
2446,75.08875074,2,3,20,76.98267337,2,0
5574,75.09005195,2,5,3,84.30875383,1,1
2681,75.09633598,2,3,11,66.86419738,2,1
5824,75.2413802,2,2,1,74.98505954,3,1
1178,75.26858087,1,5,9,82.28078062,0,1
9747,75.27061889,2,4,13,86.82933437,0,1
13,75.28560329,3,5,10,76.78304817,0,1
6311,75.31367786,1,3,19,68.3022346,4,1
2621,75.32174222,2,3,5,66.91494863,1,0
7982,75.32579607,1,5,24,96.53499222,4,1
4960,75.3850003,1,5,21,66.4530628,0,0
348,75.41366349,1,3,24,80.38154868,0,0
9460,75.4193377,1,4,4,72.49020811,2,0
304,75.42291664,1,3,1,61.45126266,1,1
6149,75.42343295,1,5,17,86.56641875,1,0
5606,75.49281518,2,2,23,81.84033491,1,1
4379,75.51873969,3,4,22,67.89318564,4,1
3312,75.51999905,1,5,12,68.21199721,0,0
1197,75.53887814,3,3,1,65.93064509,1,0
4878,75.54464943,1,5,13,74.10464984,2,0
5280,75.57330599,2,5,3,72.56863855,2,1
5701,75.61688402,2,4,22,73.54693203,7,1
9816,75.62945751,2,4,4,83.74289865,2,1
3566,75.67560954,2,2,4,71.62728938,1,1
5315,75.68247928,1,5,8,64.11062211,3,1
7627,75.69123045,1,4,1,71.31853983,6,1
3204,75.7106411,1,5,10,79.70568914,2,1
3996,75.72555484,3,5,4,63.69260305,3,1
1721,75.73385972,1,5,21,67.66499541,1,1
6804,75.75482977,1,2,19,91.05508553,5,1
8532,75.76330825,2,3,3,54.74863007,5,1
8867,75.80133317,2,4,6,83.94561844,1,1
1565,75.87292765,3,3,13,75.79725686,2,1
8972,75.91090865,3,5,6,56.47477868,1,0
2585,75.91345475,1,5,7,72.23478419,2,0
8962,75.93242961,2,4,4,77.89220129,1,1
5736,75.94744273,1,4,24,98.0879382,0,1
8842,76.02889674,3,4,12,73.77490078,1,1
5476,76.0758836,1,4,18,47.63062267,4,0
8222,76.08932819,2,5,17,80.69235947,2,0
3765,76.09789438,2,4,15,50.58280053,0,0
9702,76.09936697,2,5,9,90.33861608,6,0
8650,76.13588494,1,2,10,68.75856015,4,1
4380,76.16773764,2,2,2,74.07838791,1,1
7354,76.17285406,2,5,6,94.18499494,2,1
1623,76.17458675,2,5,5,60.23605232,1,1
784,76.19741138,3,1,20,90.89824508,0,1
2384,76.2133451,3,5,18,74.16916132,2,0
4241,76.23172878,1,5,10,88.73125287,2,1
2930,76.27023802,1,5,19,77.31726746,3,1
1756,76.29413294,3,5,19,60.94528828,3,1
4417,76.2976795,1,5,6,79.25020587,2,1
1275,76.30788983,2,4,12,82.70748715,0,1
2338,76.31706869,1,4,9,84.59702649,4,1
3157,76.32382047,2,5,23,69.79132574,4,1
775,76.36226188,3,3,18,74.17448028,2,1
2760,76.36778911,2,5,1,64.22962369,4,1
3481,76.39072581,2,5,21,78.98372185,1,0
5272,76.39134156,3,1,9,72.09446072,5,0
8420,76.45531077,3,5,2,60.71245637,1,1
4361,76.45550446,1,2,3,59.08057538,2,1
8731,76.49342317,3,5,22,70.75262899,2,1
5292,76.50396366,3,4,18,83.32904425,0,1
4265,76.54810679,2,4,5,75.05623512,3,1
8898,76.57920978,1,4,1,65.37134248,3,1
9050,76.65447858,3,5,13,84.09211147,2,0
376,76.67838665,1,2,8,67.51051067,1,1
5885,76.68595339,1,5,20,71.60045689,3,0
3664,76.72460191,1,5,20,79.68029764,4,1
5228,76.74839623,1,5,13,76.97635392,3,0
6411,76.74895839,1,2,21,88.71958219,0,1
7213,76.79938991,3,5,11,82.09115388,1,1
3407,76.80172288,1,5,1,75.66524062,1,0
1820,76.82750956,2,5,19,78.82590706,2,0
4371,76.84032078,2,5,7,81.04361642,0,1
3753,76.85892847,1,5,10,80.33054041,7,1
837,76.88636366,1,5,7,78.12432544,2,1
4622,76.92228923,1,5,14,80.35080983,1,1
2398,76.93343116,3,5,15,67.14972083,0,1
2556,76.94426703,2,5,14,79.83026387,4,1
8617,76.94858069,1,4,13,72.42356431,3,1
6669,76.94902379,2,4,14,82.13299538,0,1
688,76.96338172,1,5,9,80.60481544,0,0
3191,76.97016219,1,4,19,73.95053316,2,0
9202,76.97532004,1,2,3,93.92070524,4,1
8489,76.97849499,2,3,19,75.20013,3,1
2998,76.98924821,3,3,16,68.73595472,3,1
4323,76.99542004,1,5,19,95.56079989,2,1
4794,77.00002822,1,5,23,71.6559368,2,1
9638,77.00863379,2,5,5,82.69529303,1,1
4463,77.01514651,1,5,22,75.53471541,2,1
9055,77.01712482,1,3,7,86.47775835,1,0
7273,77.05628407,1,4,22,65.75744693,1,0
1910,77.09701661,1,5,23,89.25314582,2,0
9039,77.09774958,1,4,19,65.24670599,1,0
8076,77.09836189,3,5,7,66.2934033,2,0
2104,77.12947986,3,4,8,79.04865977,1,1
7696,77.13336884,1,3,21,86.21542888,1,0
6151,77.13788152,2,5,19,68.86878743,2,1
6494,77.20206157,2,5,10,69.87705031,1,1
576,77.2049353,2,5,10,90.6520699,0,1
3186,77.2103962,3,4,15,68.32042084,1,1
2361,77.24916325,1,5,20,77.6345672,3,1
4889,77.28072793,1,5,14,72.71418885,0,0
1828,77.28721178,1,4,2,64.61666002,2,1
1365,77.34030907,1,5,2,64.70024872,1,0
3098,77.37276226,1,2,1,79.74543708,2,0
1926,77.37857981,2,5,2,74.85161138,3,0
8274,77.40726126,3,5,16,81.25014573,2,0
8114,77.42236364,1,5,11,65.85060717,3,1
6508,77.44569459,3,2,11,72.98319223,2,1
7815,77.44801034,1,5,6,64.79029038,1,1
803,77.47792915,1,5,5,79.26286435,2,1
6801,77.50048583,3,2,22,76.17046805,4,1
2656,77.50332925,1,4,16,80.57773358,1,0
4978,77.50824062,1,2,12,79.57781516,2,1
4308,77.55168468,1,5,16,56.39300064,2,1
3278,77.56652785,1,4,23,75.79064971,1,1
8624,77.59653864,2,3,18,78.61943668,0,1
1244,77.6087128,2,3,14,58.76694154,1,1
23,77.62306203,2,1,1,89.25484501,2,1
635,77.65860907,1,5,11,64.10299597,0,1
847,77.66470016,1,5,9,61.0428444,1,0
2608,77.68227123,1,5,14,57.79245317,4,1
2035,77.70556769,2,3,19,73.20401937,2,0
336,77.71614561,3,4,5,82.93958889,2,1
3346,77.72624987,2,3,1,80.23723504,1,1
3802,77.73951055,2,5,7,77.14394291,3,1
4416,77.7927433,1,4,16,88.94852556,5,1
2220,77.7947286,2,3,23,87.14640973,4,0
9676,77.8116961,2,5,10,95.55762753,1,0
2654,77.88821399,2,5,21,88.63307348,0,1
3342,77.96387398,1,5,2,82.36728661,5,1
3483,77.96657207,3,2,3,56.35849019,3,1
1329,77.97902399,3,5,24,54.07769108,0,0
9873,77.98206347,3,3,19,66.79604977,1,1
3502,78.05944036,3,5,5,64.35130387,4,1
6775,78.09519746,2,5,1,87.68846429,0,0
4890,78.12461536,1,5,18,81.6087744,2,0
1735,78.15372548,3,5,21,74.93419592,2,1
5192,78.18670283,2,4,9,77.66904784,4,0
457,78.19811677,3,2,14,81.46281985,0,1
8745,78.20763845,1,5,13,86.60206062,1,0
2365,78.22516829,1,5,21,85.80641969,1,1
5497,78.23509505,2,3,2,63.25862145,4,1
2817,78.34090129,1,5,24,57.56652266,3,1
2173,78.34264109,1,5,8,80.1709532,2,0
2731,78.35709934,2,4,19,80.81429304,2,1
7488,78.38062379,1,3,11,77.27588453,3,0
4831,78.38987327,1,5,5,77.16907282,5,0
326,78.40240171,2,2,18,68.19516185,1,0
1311,78.4103311,2,5,18,68.91707567,2,1
3019,78.41945535,3,4,14,77.41756335,0,0
4451,78.44460592,1,5,4,68.00236901,1,1
9289,78.47879857,1,5,6,66.89887082,2,0
7290,78.48924671,1,4,11,72.60449397,1,1
7211,78.50120781,1,5,1,84.32500708,6,1
4506,78.51354971,1,5,17,84.50622611,2,1
5058,78.53706975,1,4,10,70.71374279,1,1
4213,78.5751417,3,5,15,85.525827,1,0
2752,78.63022433,1,5,14,81.07514847,4,1
5961,78.63854663,1,4,20,75.22604993,3,0
2829,78.64622467,1,2,20,75.44479847,1,0
4903,78.6935941,1,5,11,71.99148784,1,0
6743,78.71151655,2,3,4,66.38211733,3,0
4031,78.75616829,2,3,20,73.73482667,2,1
7030,78.76234483,1,5,6,94.56106019,4,1
7587,78.7850996,2,5,20,68.49450584,0,1
8267,78.92207193,3,4,5,82.0562012,2,0
3417,78.96970519,3,3,18,84.14814877,1,1
7533,78.97153604,3,5,11,72.29289046,2,1
3155,78.97939187,2,5,15,71.58501055,1,1
5490,78.99403479,3,3,21,86.58877103,3,1
6441,78.99647268,2,2,23,69.03099889,3,1
6926,79.04135129,1,4,6,71.7326878,0,0
1510,79.06432562,1,5,17,91.02488674,3,1
1718,79.08117281,1,3,15,96.86162675,0,1
5757,79.08784262,3,3,14,77.95292521,0,0
5150,79.09330539,2,3,6,77.41590305,3,1
15,79.12168488,1,3,24,91.06680148,3,0
3734,79.13928138,1,2,20,67.20772739,2,0
1532,79.156362,1,5,8,80.91333896,3,1
6228,79.18705582,1,5,17,67.80359164,4,1
8558,79.22242592,1,5,3,70.00706976,1,0
9770,79.24817148,2,3,5,77.8685292,4,1
6204,79.29505368,1,5,3,74.99689749,1,0
2000,79.31226025,3,2,2,64.02392393,5,0
4887,79.31794879,1,2,10,72.64525118,2,1
5015,79.37582607,1,5,8,73.05683115,2,1
8635,79.38929093,2,1,8,76.36916516,2,0
4658,79.40130154,1,5,13,77.19319792,3,1
1499,79.41195079,2,4,18,64.64167664,3,0
3251,79.41832977,1,4,15,86.47412811,0,1
2773,79.44307887,2,3,2,75.79529117,4,0
948,79.4544382,1,5,1,62.82840023,1,1
9896,79.4546473,1,5,18,76.48045528,0,0
3763,79.47458043,1,5,18,76.63347032,0,1
8283,79.48403959,1,3,20,63.21645931,3,1
8812,79.48954734,1,5,17,66.40060512,5,0
8869,79.52582864,1,3,14,64.29447147,3,1
8953,79.5420529,1,3,3,73.71317667,1,1
4224,79.65021192,3,5,12,59.66914229,0,0
1807,79.67348168,1,4,13,75.25043907,2,0
1792,79.6792216,1,4,9,60.0197504,1,0
7693,79.68343507,3,2,19,59.04991618,2,0
5684,79.68930749,1,2,12,62.28280661,1,1
4433,79.7070237,1,5,23,65.80158122,1,1
2558,79.70813008,2,4,14,68.28004557,3,1
5630,79.7116358,1,5,10,81.94074145,0,1
358,79.7269769,1,5,6,72.40856781,2,1
7019,79.73812683,1,2,21,62.18513456,3,0
9389,79.74619464,1,5,4,90.05551917,0,0
2626,79.75012708,3,5,10,74.36781463,0,1
451,79.75408353,1,4,15,85.48983354,0,1
848,79.76527043,3,4,24,77.28525611,2,1
7880,79.78030373,2,5,7,68.57417158,3,0
5477,79.80701173,2,1,15,69.15988225,3,1
8154,79.80719318,1,5,15,70.22484007,7,1
1430,79.8107518,1,3,23,78.67199852,3,1
4801,79.84801124,3,3,1,77.92911196,4,1
6276,79.92398241,1,5,3,59.99155676,0,1
4227,79.92814906,2,2,22,56.96180285,0,1
3414,79.93187689,2,3,1,79.45340353,0,1
8814,79.9588784,3,5,7,60.29289823,0,1
4084,79.9622722,2,3,12,65.70409198,6,1
8497,80.05211124,1,5,2,88.02664891,2,1
4166,80.05343503,2,5,23,74.42540792,1,1
6269,80.08373932,3,4,5,69.78402152,1,0
1984,80.09299299,1,5,7,92.28421186,5,0
4215,80.11455701,2,1,13,72.52976936,0,1
9550,80.12760058,2,3,6,74.863369,2,0
9898,80.14567583,3,3,17,74.0105686,1,0
4549,80.15455169,1,5,15,75.79195027,4,1
3790,80.16481489,1,2,5,75.33044663,1,1
9618,80.16554059,2,5,15,71.88722407,3,1
2201,80.21319224,1,5,15,87.32007095,2,0
7710,80.25614979,2,2,24,68.75362589,0,0
3976,80.26023346,1,5,5,72.01621106,1,0
159,80.31631548,2,5,1,61.80320752,0,1
3546,80.36699767,3,2,20,87.544627,2,0
4049,80.39933235,2,4,9,68.76081737,1,0
7330,80.41435445,1,5,21,80.72787505,3,1
4727,80.50887461,1,5,9,83.56959605,1,0
434,80.51181117,2,1,1,66.86406112,2,0
1101,80.52012645,1,4,9,72.17578621,1,0
724,80.56404343,1,5,19,77.1382995,2,0
8621,80.5720801,1,3,24,88.0347644,4,1
8308,80.62067481,1,5,7,71.96938088,0,0
7419,80.63170682,3,5,6,73.7947355,1,1
9376,80.64901698,2,4,17,73.91363636,0,0
4761,80.65757662,1,4,8,74.96651088,3,0
5207,80.68943098,3,4,10,73.47426527,3,0
9817,80.70957459,1,5,10,67.8827827,3,0
7248,80.71264742,1,4,1,74.29445718,2,0
2662,80.76323161,2,3,21,79.63455947,5,1
4687,80.77756995,3,5,20,71.92488694,1,0
2851,80.80568763,1,5,20,83.68135971,1,1
3079,80.80648418,2,5,22,59.9195684,4,0
6997,80.81292467,2,4,20,74.4753614,2,1
3461,80.81873732,1,5,2,69.95908838,1,0
1022,80.84011367,2,3,12,76.43107336,0,0
5828,80.88092588,2,5,12,78.79425599,0,1
5795,80.9224486,1,5,2,74.41220854,1,0
6285,80.92447102,3,5,22,77.04039745,3,1
9079,80.93377331,2,5,14,79.39834595,1,1
4832,80.94568189,2,5,7,75.45191355,0,1
8376,81.01875335,1,5,1,58.68642342,0,1
5082,81.02916881,3,5,3,64.21757173,1,1
672,81.06471146,1,5,22,74.48101971,4,1
8340,81.09420204,3,2,22,61.19101519,3,1
4987,81.17069626,3,4,23,57.45318033,5,1
942,81.24441394,1,5,13,70.1864051,2,1
1887,81.25315761,1,5,12,62.90572856,1,1
3760,81.3480557,1,5,24,71.70680207,3,1
5588,81.35637065,2,3,21,92.16915518,2,1
2708,81.37409928,3,5,10,83.35471226,4,0
6025,81.37692286,1,2,21,57.46665582,2,1
1755,81.39315661,1,5,6,67.19885977,4,0
6939,81.42385034,1,5,13,75.79527087,1,1
5084,81.51371589,2,3,5,83.43982098,4,1
1808,81.59244747,2,2,1,85.76954324,1,1
2114,81.59689337,1,5,24,83.76961856,2,1
6630,81.70350372,1,5,9,79.15630449,1,1
6790,81.79266818,2,3,10,73.59017077,2,1
6498,81.81051359,1,4,3,76.63762519,1,0
3948,81.85189206,1,3,2,61.7292659,2,1
3287,81.86759987,3,1,4,74.09530378,3,1
4953,81.93917986,3,4,20,74.31039116,6,1
6665,81.94611791,2,4,4,52.5271114,3,1
244,81.95429349,1,4,16,89.39959615,3,0
5941,82.00978308,1,5,16,74.91091504,0,1
4736,82.01106263,1,5,11,67.92569304,2,1
1962,82.03802777,2,2,10,73.84497446,3,1
3482,82.0383602,2,5,5,65.87004075,3,1
1835,82.0421153,1,3,14,79.66270066,2,0
1220,82.04661454,1,5,9,76.26165208,1,1
9525,82.05513151,1,5,18,70.76972551,1,1
3863,82.12528463,2,5,1,78.33003204,2,1
4236,82.15235279,2,3,24,90.13432673,0,1
9622,82.17373958,2,5,8,92.79891538,3,0
9361,82.19623834,1,5,9,84.75743024,2,1
222,82.20329536,1,5,7,77.32464478,2,1
7156,82.20962187,1,3,24,79.0994142,1,1
8447,82.27717089,1,3,2,56.20818798,0,1
1745,82.3690512,2,1,21,78.08174483,2,0
5016,82.38021798,2,1,3,65.97026736,2,1
6941,82.3805809,2,4,16,77.11280293,2,1
1977,82.39577827,3,4,4,89.56955141,2,1
2400,82.41111817,1,5,15,67.45015284,1,1
9159,82.42802341,3,2,12,65.41101907,2,1
9802,82.43549485,2,2,10,70.15719269,2,1
193,82.45665843,3,3,20,66.15168641,4,1
8675,82.45801054,2,1,7,66.07550478,2,1
4523,82.46557261,2,5,3,73.68539471,0,1
8448,82.4838661,1,5,14,63.27519779,2,0
6812,82.51050462,1,2,9,93.16915251,2,0
6843,82.5611125,2,5,14,84.52236813,4,1
7816,82.56951401,1,5,2,55.72125606,1,0
9948,82.58517718,3,3,24,97.55011807,1,1
4220,82.60935199,1,5,20,75.75599636,1,1
9781,82.62485258,2,2,9,81.41784479,3,0
2004,82.65290148,1,4,4,75.05831969,3,1
2648,82.67978939,1,5,23,62.46339484,2,1
6417,82.79089328,2,5,14,74.27109967,1,1
4491,82.83468683,1,3,7,81.32535301,1,1
706,82.84781979,3,2,20,82.99693942,1,0
194,82.87606244,2,3,17,72.71360284,2,0
5878,82.92533938,1,4,22,73.91453899,2,1
7296,82.93564156,1,2,22,90.50400234,1,1
4487,82.93773159,1,4,11,81.59466272,2,1
9244,83.01065904,1,5,19,75.68085955,1,0
255,83.04280629,2,3,14,73.95167107,2,0
1261,83.074125,1,4,10,83.15496772,1,1
6231,83.11525148,3,5,14,66.52824611,2,0
2403,83.13571954,2,5,10,83.74965978,2,0
5436,83.16959937,2,1,13,78.8904838,3,0
4012,83.18487323,1,2,13,93.42330693,1,1
7704,83.20523813,1,5,14,73.45560189,5,0
9602,83.25927536,1,4,4,63.90375319,3,0
9850,83.28977041,2,5,24,75.20936261,1,0
3352,83.321327,1,5,24,92.8334517,1,0
2985,83.32656665,2,1,21,74.92451667,1,1
8680,83.32682125,3,1,7,70.3636908,4,0
9632,83.34816863,3,5,17,60.57449243,1,0
2623,83.35828108,1,2,5,67.78597624,1,1
71,83.40973213,2,5,6,81.1382509,1,1
3325,83.41968566,1,5,7,72.80673343,1,0
8321,83.42284407,1,5,11,93.74049132,2,0
5624,83.44956911,1,5,17,86.92397147,3,0
1458,83.47673797,2,3,24,71.25514914,2,1
7428,83.49244502,3,5,5,59.98188006,1,0
6007,83.53448725,2,4,24,77.17575216,2,1
284,83.53987471,2,1,8,64.45535591,4,1
7920,83.56581954,2,5,11,81.33682147,3,1
6035,83.58228077,1,3,18,59.73239351,3,1
1149,83.62897056,1,2,3,102.3249816,0,0
296,83.65838262,2,5,23,76.63724218,2,1
2206,83.67550951,1,4,6,58.479902,4,1
3443,83.69096878,2,5,19,75.95623269,0,1
9027,83.70047993,3,1,23,62.79952067,4,0
9122,83.70229469,1,5,13,77.3796322,4,1
1706,83.71209487,3,5,22,74.48359594,1,1
6396,83.73462467,1,5,13,67.99768922,2,0
1781,83.73732317,1,5,19,73.10253284,2,1
2674,83.86123181,1,5,12,74.14424658,1,1
2691,83.86389285,1,5,8,71.41347564,2,1
4366,83.88572445,3,4,5,90.56705872,2,1
5116,83.99731218,1,2,17,70.95330025,1,1
8153,84.02250281,1,2,13,74.26202516,4,1
5271,84.02925134,1,4,6,78.86475938,6,1
6198,84.0326096,1,2,19,81.20527987,3,1
9995,84.05355828,1,5,18,64.96680256,1,1
6660,84.07961317,1,2,7,87.46444828,1,1
5266,84.09475133,1,5,9,67.09975839,2,1
9180,84.11014465,1,5,2,74.53173472,2,0
5645,84.11890215,2,2,15,69.82257804,4,0
5752,84.12086669,1,4,10,81.55224145,3,0
9993,84.13001569,1,5,14,78.3483796,1,1
1905,84.1600032,3,5,24,70.9947822,2,0
5555,84.2307968,1,2,3,76.5617433,1,1
2288,84.24347043,1,5,11,73.28938985,3,1
6675,84.26030764,1,4,21,80.95363134,2,0
9804,84.28503219,2,3,17,71.04939518,0,1
183,84.28831662,1,3,16,71.73214159,5,0
5603,84.29571287,2,1,8,71.4578903,1,1
4198,84.31421278,2,1,15,81.61276936,1,0
7379,84.32081464,3,5,17,65.38579862,1,1
6168,84.3621573,3,5,4,63.96481902,2,0
5538,84.4355478,3,5,20,76.68907217,4,1
9402,84.46173756,3,5,11,68.63161083,1,1
2102,84.47783188,2,4,20,69.71274837,2,1
6050,84.51192441,1,4,8,98.44643504,3,1
2153,84.51590062,1,5,22,77.92996944,1,0
9415,84.53674101,1,5,1,76.2015853,1,1
1378,84.54332037,2,5,23,48.86699966,4,1
2924,84.57319901,1,5,3,64.23196487,4,1
5208,84.62906607,1,5,10,80.74465107,1,1
4362,84.64209247,1,2,7,66.12026108,1,0
3347,84.6766388,3,5,3,73.09883166,2,1
1186,84.7160498,1,2,12,92.02838131,0,1
5711,84.80657565,1,4,10,72.20540122,1,0
2876,84.81244556,2,3,2,77.3362214,1,0
3375,84.83480825,1,5,5,71.83080452,3,1
1091,84.86541287,1,5,2,81.46985414,1,0
4676,84.87219317,1,3,18,70.67676799,3,1
1223,84.8990783,1,5,3,75.42234348,1,0
2670,84.90808386,1,3,20,67.43653809,1,1
6924,85.01055135,1,5,23,78.50407765,2,1
4587,85.01437705,1,5,4,78.37800314,1,0
8657,85.02135921,1,3,16,76.26003649,1,0
2564,85.02151637,1,4,10,77.83087499,3,1
8264,85.04071624,1,5,12,72.19462223,3,1
9412,85.06582123,1,2,16,73.73828449,1,1
7642,85.08772777,1,4,14,81.45944041,1,1
3020,85.09899417,1,2,12,83.55115093,3,1
1821,85.14412265,2,3,21,58.13572977,1,1
7294,85.1786228,3,2,15,66.77567154,1,0
6917,85.20427578,1,2,23,68.38793664,4,0
3299,85.22865779,1,5,24,76.96596194,3,1
8451,85.23332974,3,4,22,77.51763058,2,0
7516,85.23821685,1,4,15,62.67756936,1,1
8103,85.27264726,1,5,11,70.1975354,2,1
4594,85.31043805,1,5,12,68.44864572,2,0
3035,85.42436007,2,4,14,86.32661635,0,1
5368,85.45970685,1,2,12,79.02983374,3,1
1595,85.46243851,2,1,13,78.33787564,0,0
2084,85.48695202,2,5,22,73.13437041,6,1
6126,85.49802594,1,5,11,64.11667394,2,0
7968,85.52249561,1,3,10,59.61149998,0,1
5463,85.54101833,1,5,10,79.04848331,2,1
5649,85.57783367,2,2,20,82.86737761,1,0
6949,85.61454839,2,3,3,92.04471338,1,1
9832,85.66728455,1,2,24,69.12860873,1,1
8754,85.68659084,1,4,17,78.67600053,3,1
2433,85.70159922,2,5,11,77.46137057,3,1
5547,85.77602728,3,5,13,67.30741441,1,1
7384,85.82317948,2,4,15,85.25040519,4,0
933,85.83643119,1,3,5,92.02895363,1,1
4485,85.83649976,3,5,19,62.98277921,4,1
1571,85.83956086,1,5,11,72.41221424,1,0
435,85.86089734,2,3,5,93.55642037,2,1
9479,85.88212286,3,4,24,78.4245758,1,1
228,85.97379077,2,5,17,73.59583489,2,1
224,85.99074544,1,4,21,68.08085572,2,0
8178,85.99519967,1,5,20,76.41247112,1,0
1647,86.02789524,2,5,1,75.68801989,1,0
1470,86.0403801,3,5,9,79.64548892,5,0
6848,86.04761508,3,4,18,92.95260952,3,0
3699,86.08053159,1,5,19,84.54425396,0,0
7229,86.11733901,2,4,11,59.7631503,1,1
4287,86.13037383,3,5,8,89.64227169,2,1
4596,86.13142066,1,5,10,81.17123841,2,1
8248,86.18233845,1,5,17,82.04925575,3,0
6514,86.26350017,3,5,19,71.35172111,1,0
5596,86.26502708,3,4,3,86.22671616,0,1
4982,86.29143472,1,2,1,72.01294187,5,1
3740,86.30120548,1,5,7,66.48150225,2,1
7251,86.31647911,1,5,24,72.81431409,3,1
8831,86.36559233,2,4,8,74.34522923,2,1
4000,86.38293675,1,5,14,64.5905897,4,0
3626,86.38734032,2,4,15,95.14283776,6,1
4229,86.40427531,2,2,7,59.6070773,4,0
3911,86.43985749,2,5,23,89.85457425,2,1
6102,86.44058961,1,5,10,74.69963662,3,0
8327,86.44396518,1,5,16,84.78402492,1,1
4374,86.44976333,3,3,3,56.81067791,5,1
8291,86.45304721,1,4,20,78.10766749,2,1
1582,86.45401291,2,1,17,86.47144936,2,0
5779,86.49115543,2,5,17,68.03928111,5,1
1003,86.5305513,1,5,24,69.16178417,2,1
4363,86.56030716,2,1,11,88.37272677,2,1
2756,86.59716414,2,5,22,92.50867167,3,0
5482,86.61018102,1,5,24,77.30467172,0,0
3166,86.62763426,2,4,22,79.5976605,0,1
5380,86.64760416,2,5,12,84.36825545,4,1
5202,86.69522377,1,5,5,78.19530247,1,1
7724,86.70237335,3,3,13,64.46905675,2,0
8432,86.70325967,2,5,21,74.24727232,1,0
139,86.72575331,3,5,6,84.44183876,5,1
1734,86.75672999,1,5,4,80.18108154,3,1
5879,86.77348809,3,3,2,63.63343099,2,0
2825,86.77664536,3,5,7,57.57287433,2,1
6609,86.79205477,1,3,15,81.57147769,0,1
6839,86.82619336,1,4,15,84.90989152,3,0
4089,86.97911046,1,5,5,58.44421484,1,0
2988,86.98099408,2,5,4,76.6722041,3,1
5699,87.00540286,1,5,5,86.50895702,4,1
174,87.07978052,2,4,17,83.85933926,1,1
1339,87.09852625,2,3,1,71.8833744,4,1
7045,87.12045831,1,5,14,73.65800236,2,0
4940,87.12450003,1,2,22,69.5494216,1,0
2013,87.14722847,2,5,7,56.22117188,4,0
9500,87.22870081,2,2,16,70.25026452,2,0
999,87.25519692,1,4,8,90.62620963,5,1
607,87.26332252,1,3,23,85.26093729,3,1
1906,87.2646452,1,4,13,67.86414007,3,1
3241,87.2796482,2,5,22,66.67414753,2,1
6468,87.28276083,1,5,18,57.22611332,2,0
2671,87.31710419,2,1,14,70.65158618,2,0
2625,87.32819112,2,5,9,94.19220855,2,0
2793,87.33382373,2,5,18,67.08553474,0,1
1980,87.34157629,1,2,5,87.15402533,1,0
3336,87.36796238,2,4,16,70.49155739,2,0
9305,87.38491263,1,5,13,90.95129507,2,1
3297,87.41033452,1,4,19,63.82279464,0,1
8300,87.4474657,1,5,2,83.21368542,0,0
5943,87.47072743,3,1,24,67.90965921,3,1
1817,87.48833515,1,5,15,87.43562463,1,0
1399,87.49021842,2,1,15,77.94022062,0,0
4098,87.56080865,2,1,7,51.42221498,1,0
227,87.61287219,1,5,24,75.3117445,0,1
2203,87.64101554,2,4,4,79.63802518,2,0
852,87.74110715,1,5,6,82.45093414,0,1
1401,87.74250779,1,2,12,71.72045752,3,0
7387,87.75648579,3,5,20,65.07679595,1,1
1588,87.75955988,2,4,5,64.75643153,3,0
5295,87.76892812,1,2,23,82.1439802,0,0
9584,87.80582479,1,5,5,72.77154428,2,0
2901,87.86569409,2,4,23,72.34828673,2,0
9327,87.87242548,3,4,7,65.54381937,2,0
6516,87.87934824,3,5,11,70.7391806,0,1
3827,87.92605392,1,5,11,55.09231217,4,1
2797,87.93869601,2,5,7,68.06141929,0,1
5621,87.94815593,1,3,3,63.51331326,0,0
5789,87.9617835,3,5,9,78.54280305,0,1
4336,87.97219405,2,4,20,60.56800205,2,0
3466,88.02914896,1,5,2,69.18397594,3,1
2714,88.11954265,1,4,20,101.727536,2,0
8956,88.13033969,2,5,13,85.78363548,3,0
60,88.13898722,1,5,9,62.36469376,1,0
6262,88.16927169,1,2,15,75.67981642,2,0
3966,88.17171372,1,2,2,75.76380198,2,1
1069,88.21108354,1,5,3,68.22589402,2,0
1921,88.24688239,1,5,10,98.91429018,1,1
1558,88.26033808,3,5,19,80.55726275,4,0
6582,88.27189121,3,4,9,71.00756444,2,0
426,88.27888677,1,5,17,88.85937413,1,0
506,88.3124605,2,1,19,61.24017827,3,0
7719,88.3184039,2,2,7,67.06256511,3,0
4017,88.32060739,1,5,16,77.41472033,1,1
5081,88.35026266,1,5,19,80.89783056,0,0
9674,88.48454622,3,2,16,61.93123581,1,1
4892,88.4937875,1,4,17,53.49374805,1,1
4159,88.64180756,1,4,12,86.64303755,6,1
1280,88.68274054,2,3,20,60.00730139,1,0
9856,88.70667018,1,3,13,79.33982964,1,0
6561,88.71478537,3,1,22,76.67144906,3,0
6849,88.73394942,2,4,21,72.18009128,1,1
9994,88.75761009,3,4,6,77.33591098,1,1
4071,88.77759476,1,4,2,67.24188638,3,1
8396,88.78103522,1,4,18,85.79969747,4,1
6292,88.78132214,1,5,6,68.39815918,2,0
5612,88.79507597,1,4,22,66.17629341,4,0
4692,88.81308258,1,4,18,64.9586426,4,1
2539,88.86064343,2,5,8,90.33218089,2,1
5164,88.87190504,1,4,18,79.92625951,2,0
717,88.88750891,1,5,2,80.63394215,1,0
3393,88.92100353,1,5,15,79.708623,1,1
173,88.92545743,1,4,4,74.51904633,4,0
2098,88.97123429,3,5,13,70.19353793,2,0
6438,88.97801788,1,5,12,81.50695297,1,0
9719,88.98003957,1,2,12,103.0878973,2,1
8577,88.98605702,1,3,4,69.47243113,0,1
220,88.99981335,1,4,2,67.83891947,0,1
2469,89.0021463,1,5,22,71.04901243,1,1
5275,89.04087107,1,5,19,62.88817512,2,1
5057,89.06903268,1,5,10,80.07447344,2,0
3285,89.09489584,3,2,13,64.19267229,1,1
5745,89.10896344,2,5,5,71.75749355,2,1
555,89.20077352,1,5,15,90.75858834,5,0
4885,89.24208407,3,4,23,80.83022781,2,1
2029,89.2489862,2,3,20,87.60821207,3,1
2532,89.26550621,1,5,9,78.17456469,0,0
6854,89.274998,1,5,20,85.68868858,3,0
6087,89.2948986,1,4,7,76.28584196,1,1
6246,89.44069961,2,5,10,91.79623844,2,0
6358,89.44903797,1,5,1,71.52747363,1,0
3861,89.4513526,2,5,11,69.71984635,3,1
9360,89.47872249,2,5,3,72.40261063,1,0
3599,89.51094386,3,2,5,75.58646568,2,1
2509,89.58958097,1,5,7,83.23818305,2,0
7677,89.6028055,3,4,2,68.63284313,1,0
5209,89.61333718,3,3,9,71.41548255,2,0
1641,89.61756089,1,5,3,78.06590956,2,1
5714,89.62548289,1,5,3,69.95669904,0,1
2821,89.6410177,1,3,1,71.56487244,2,1
9684,89.6483984,3,4,8,75.11775675,4,0
7712,89.71458297,3,4,24,70.69610693,4,0
2638,89.88489219,2,4,8,78.57872108,2,0
1250,89.90221893,2,5,17,62.84450182,0,1
9936,89.93870813,3,4,5,91.22079325,2,1
2041,89.98025359,1,5,19,79.76441689,1,0
1895,89.98402113,1,5,19,63.73495712,2,0
7848,89.98431077,2,1,21,85.14039221,2,1
8787,90.01272096,2,4,10,63.82284793,2,1
4718,90.17148448,1,3,6,72.8402512,0,1
5534,90.17813869,1,5,22,89.98353257,0,1
2680,90.18540137,1,4,23,69.52039795,2,0
501,90.19462095,1,3,9,76.94196264,4,1
9286,90.19906214,1,5,13,83.56562878,2,0
8923,90.24302826,3,4,15,63.15966049,1,1
5121,90.2632672,1,5,24,92.65765462,1,1
8335,90.31270996,1,5,8,60.7859028,2,0
5038,90.31836286,1,5,5,76.05392552,4,0
6501,90.34810469,1,5,1,88.47382947,3,1
7590,90.41778681,1,5,4,73.47991267,3,1
9321,90.48236483,2,5,7,72.0548157,3,1
1057,90.57676976,1,5,17,70.70032612,1,0
8142,90.57901255,2,3,11,59.60327395,0,1
1457,90.58533165,3,5,10,101.6619196,3,1
778,90.64414866,1,5,11,73.82926718,2,0
2972,90.73683472,1,5,11,84.44467861,2,0
6986,90.76541971,1,5,18,64.58466958,2,0
2324,90.77050479,1,3,23,92.90146947,1,1
9323,90.78542035,3,1,13,76.36475097,1,1
4295,90.78867941,2,3,3,67.28731084,5,1
6757,90.8068606,1,3,10,80.6302221,2,1
400,90.82433398,3,3,6,74.33330662,1,0
6095,90.8461694,1,5,15,83.63948957,4,0
127,90.86080941,2,4,22,78.88081451,0,0
1874,90.87733401,2,4,4,67.42587516,1,0
7329,90.8879751,1,5,6,68.31598781,4,0
7161,90.95819234,3,5,17,57.90515979,2,1
1578,90.96287948,2,1,5,70.01489008,2,1
3501,90.96889433,1,5,18,84.01281072,1,1
9307,90.97456759,3,5,4,80.31846721,3,1
9742,90.98314271,2,5,20,81.53499638,2,1
3589,91.05320092,1,5,12,68.91277631,1,1
9095,91.05757861,2,3,13,82.19964281,3,1
4985,91.14969597,2,4,12,70.20185192,2,0
9396,91.26726534,2,3,18,73.17610165,1,0
6592,91.27231889,3,2,9,72.58854931,2,1
2742,91.4289248,3,5,24,71.87892597,3,1
8506,91.44302914,1,2,15,80.8068214,2,1
4765,91.44509355,2,3,2,72.63929609,1,0
8109,91.48757392,1,3,9,84.93283365,2,1
625,91.48765741,1,4,12,80.75476717,3,0
8044,91.49704164,2,1,24,82.42406374,5,1
9271,91.52329041,1,5,8,72.01544477,2,1
6445,91.55365097,3,5,9,57.15384931,2,1
3445,91.5764811,1,5,7,64.3401859,0,0
3531,91.61824647,1,5,24,84.036996,1,0
6771,91.63099526,1,4,24,62.55374258,5,1
8770,91.65297249,3,5,15,72.16178295,0,1
3281,91.66383387,3,5,20,81.84396513,1,0
3731,91.67936276,1,3,13,65.66140941,3,1
973,91.71382961,3,1,5,64.18591799,1,1
2405,91.74937337,3,4,15,73.59296897,6,0
473,91.77969493,1,2,9,95.07202732,2,1
7899,91.78661412,1,5,23,67.33263045,2,1
7766,91.7893857,2,5,17,86.12643379,2,1
8316,91.80863454,1,5,24,65.23382303,2,0
9166,91.82411184,2,5,10,54.57336851,0,1
8826,91.82825164,2,5,6,68.90832515,2,0
89,91.89953149,1,4,21,52.81129294,2,1
7343,91.93027289,1,5,18,86.6313252,3,1
3095,91.93765037,1,5,19,93.5331706,5,1
809,92.0051112,2,3,18,75.26974522,2,1
4555,92.0216924,3,1,21,70.43597265,1,1
7937,92.02554202,1,5,8,90.02943546,1,0
3609,92.16094796,1,4,8,74.00413965,3,0
9243,92.20844702,2,1,11,52.59871341,2,0
4726,92.21433697,3,3,14,51.87681261,4,1
5769,92.26472198,2,5,22,68.59133409,0,1
1823,92.2729369,1,2,4,87.93339674,2,1
1358,92.28425595,2,5,11,88.50722303,1,1
1321,92.32076992,1,2,6,101.5707539,1,1
6879,92.39370925,2,5,12,84.31840405,1,0
6477,92.39645691,3,3,6,71.6482732,4,1
6559,92.47559688,2,4,16,75.81277971,1,1
3748,92.51260029,2,4,19,72.07231429,1,0
7486,92.52465031,3,5,15,72.39414482,2,0
180,92.56825257,2,5,14,82.87342862,2,1
6058,92.64891273,3,5,9,88.2046825,0,0
4434,92.65628579,2,4,12,81.88984535,2,0
9359,92.67189771,1,5,2,85.61718981,0,1
6402,92.71848515,1,4,23,70.41423538,1,1
9603,92.75706018,2,3,19,87.13846808,1,1
9219,92.76575002,2,2,18,83.54304081,5,0
1491,92.77072923,1,4,16,81.96499597,1,0
4196,92.83471061,2,1,13,52.26280691,2,1
171,92.87191493,2,3,13,86.72821616,2,1
3902,92.92220493,1,5,15,80.72354856,6,1
1172,92.92399559,3,5,14,82.20622801,5,1
734,92.95801923,1,4,16,82.6586328,0,0
3047,92.96749689,1,5,2,73.58477553,1,1
5643,93.0312922,1,4,10,80.75079054,2,0
4123,93.04190164,2,5,19,75.73465218,0,1
2718,93.06983366,1,5,13,90.68355811,1,1
5364,93.13097699,1,4,2,73.48350512,1,1
7150,93.15250068,3,5,19,50.87029941,2,1
6314,93.20615451,3,4,2,72.2589209,3,0
1094,93.25606562,1,5,22,79.94993485,3,1
2982,93.26639784,2,2,20,62.55594606,1,1
828,93.33314127,3,5,16,69.29215475,1,1
8813,93.36516198,1,5,1,59.08295157,1,1
1632,93.40341077,2,5,3,72.82404794,0,1
2233,93.42396482,1,5,2,72.29427672,2,1
5299,93.45156749,1,2,16,71.52412066,2,1
7226,93.46793011,3,3,21,60.0095869,0,0
4100,93.49627629,1,5,10,84.53729891,3,0
9316,93.50282627,1,5,8,78.56430887,3,0
3914,93.51481041,3,5,12,88.71916065,5,1
1453,93.52030337,3,5,3,52.08001829,1,1
2765,93.54255718,1,2,12,82.81283108,3,1
857,93.54438899,2,4,5,69.31671884,3,1
8871,93.55044,2,5,24,75.99620494,1,1
3552,93.55485978,2,4,8,58.13267543,1,0
2780,93.55674601,2,2,17,87.07915056,0,1
6340,93.60037307,1,4,12,64.6478572,2,1
9026,93.60649098,1,5,2,77.60090568,1,0
8658,93.6125077,2,5,20,74.7323305,4,1
4090,93.65131861,3,5,18,89.27192907,3,1
6574,93.73499374,2,4,11,91.37689958,1,0
5995,93.74105495,1,5,16,64.28272092,1,0
5991,93.76013281,3,3,9,78.63292086,1,0
9374,93.76776523,2,5,17,61.18516616,1,1
8351,93.79122824,1,4,3,65.49851549,3,1
6937,93.8000261,2,4,15,69.93917578,3,0
7034,93.83069949,3,5,12,82.2533342,2,0
7715,93.84009141,3,4,22,90.79825557,3,0
9197,93.87300041,1,5,1,82.67231067,1,1
9218,93.87603724,2,3,23,73.30533518,0,1
5481,93.8803214,1,5,14,85.96208351,2,1
5308,93.92616418,1,5,22,67.3418542,1,0
9536,93.94910961,3,4,23,88.34039082,0,1
6222,93.9528813,1,5,9,73.13952155,5,0
6302,94.00023903,3,2,14,64.90433631,2,1
7887,94.04338818,1,5,14,63.94519183,2,1
417,94.05224823,3,2,13,58.5326975,1,0
603,94.07737872,1,5,19,77.2637103,1,1
9134,94.15584576,1,5,23,73.4262908,5,1
204,94.16629787,2,3,23,69.03011368,2,0
5777,94.20377342,3,4,17,62.02000889,0,1
2903,94.28772978,2,3,2,84.39031868,1,0
7335,94.3162711,2,5,7,67.95597549,3,1
2522,94.3372692,1,5,16,66.30868989,0,1
4787,94.3460603,1,5,13,77.30852034,3,1
9961,94.36096657,2,4,3,58.18581212,0,1
5690,94.36691759,1,2,10,56.61659031,1,0
3455,94.41787066,1,5,4,75.71210176,2,0
3513,94.54288175,1,3,8,64.67927156,1,1
6667,94.55224724,1,5,7,81.86058116,3,1
9756,94.55728018,3,5,5,67.32276406,0,1
509,94.55736826,2,5,9,92.32214916,0,1
3843,94.56159836,2,5,3,84.23177881,5,1
7981,94.562316,1,4,8,104.812784,3,0
5831,94.59386937,2,3,13,59.83043927,6,1
2370,94.61363279,3,2,16,88.79622312,3,1
187,94.66439355,1,5,2,74.01205417,5,1
9968,94.68992062,3,3,15,78.43846288,0,1
8024,94.70890732,1,5,19,86.56529758,1,1
8643,94.75103455,1,5,6,62.65936606,2,1
1836,94.81763267,2,4,3,84.13305983,6,1
4443,94.87831427,1,5,17,88.82225353,0,1
9497,94.89909223,1,5,6,82.08817953,1,0
7535,94.90216544,2,3,16,75.19786767,1,0
5782,94.91400945,1,5,9,78.97544391,2,1
5541,94.98830577,2,3,19,51.33727763,2,1
1387,94.99531031,2,3,4,89.10541403,1,1
5662,95.00278182,3,3,8,78.56621256,1,1
6927,95.03803729,3,1,16,59.52171168,3,1
1747,95.06163726,3,2,15,64.62923018,3,1
7177,95.06452962,1,5,4,78.96573319,4,0
9093,95.07248795,1,5,24,59.6809836,3,0
6031,95.07328722,1,5,21,69.86711291,1,1
2325,95.08349896,1,5,8,72.75157527,3,1
3971,95.08719244,3,4,16,57.1081722,1,0
6782,95.13824554,1,4,6,66.23005396,3,1
1790,95.13869556,3,5,21,67.19037077,2,1
8969,95.17262744,2,2,14,79.73106391,2,1
8358,95.17338952,1,5,24,75.72230858,0,0
9813,95.17559396,1,2,3,75.1799226,5,0
7667,95.18691891,2,5,2,98.70830345,2,1
827,95.19165204,2,4,8,71.27100424,2,1
2914,95.20001651,1,5,9,64.86673178,3,0
5539,95.22040812,1,4,15,70.0739399,4,0
8738,95.26482176,2,3,4,68.6584724,1,1
9480,95.31614077,2,5,16,73.79318121,1,0
5329,95.3448156,1,3,14,66.00705163,4,1
7585,95.39880875,1,2,10,75.27711707,3,0
6822,95.45941067,1,4,18,93.07929018,1,1
786,95.46327614,3,2,17,78.09633345,5,1
8039,95.55010814,3,3,6,92.26331863,4,0
6394,95.56198433,1,3,16,83.66883609,1,0
5704,95.57378178,1,3,6,80.13726987,1,1
7873,95.58221839,1,5,5,56.28550008,6,0
2723,95.58583598,2,5,18,67.97632939,2,1
5398,95.59665082,1,4,13,63.54149762,2,0
3078,95.59885087,1,5,7,72.88218835,3,1
951,95.62430328,1,4,21,75.16222633,3,0
1673,95.67384056,1,3,7,99.25598453,2,1
871,95.67976567,3,4,24,52.75035396,1,1
5733,95.70998759,1,3,9,83.73568185,1,0
8714,95.7147446,2,5,12,75.62735835,2,1
3627,95.76683987,2,4,13,87.88841657,1,1
6950,95.82341616,3,4,6,82.17266918,3,1
1722,95.82984741,1,3,18,70.10493043,0,1
1309,95.84986392,1,5,4,76.24121923,4,0
2476,95.89029655,2,4,20,74.87247684,1,0
2198,95.90760179,1,2,16,84.74700506,2,1
2237,95.9545061,2,5,4,85.77404158,1,1
8970,95.97492797,1,2,14,84.11199999,1,1
6898,95.98992543,2,4,12,81.39929208,1,1
2659,95.9900017,1,5,12,85.26822029,1,0
7394,96.00500587,2,5,19,72.35337173,1,1
5634,96.02106705,2,5,17,69.21122034,2,0
6129,96.05923918,2,5,13,83.74592572,5,0
6741,96.0756495,1,3,2,77.36528361,3,1
6006,96.15109339,1,5,19,80.55191787,2,1
8341,96.16658965,1,4,23,72.92226001,0,1
4026,96.2180818,1,5,16,63.9397433,1,1
7183,96.23440232,1,3,6,70.7599735,1,0
8449,96.3131747,3,5,2,85.53217214,2,1
4430,96.39240013,1,5,12,70.44049525,2,1
8033,96.39803957,1,5,13,75.1912339,3,1
8767,96.41622952,1,5,12,80.54277339,3,0
3179,96.52436028,1,4,8,79.05571828,0,0
3107,96.58612861,3,2,1,84.13590815,2,1
9820,96.64631992,3,5,1,66.58479577,3,1
4149,96.70450485,1,5,12,92.27066619,1,0
4662,96.7194972,1,5,15,69.08910788,4,0
2113,96.73044541,1,5,21,68.22143255,1,0
1972,96.7589924,2,5,9,74.11775055,4,0
2782,96.80245509,1,4,21,72.79891327,2,0
7912,96.80929382,1,4,12,70.19565544,2,1
5698,96.81226915,1,3,10,76.25497153,0,1
6062,96.83015045,2,5,6,70.05616926,3,0
2212,96.90062592,2,2,9,73.45225079,2,1
3145,96.97170268,1,5,5,68.78204104,4,1
9252,97.01843142,2,2,8,68.35916736,2,0
5107,97.05056244,1,5,9,67.27313244,2,1
8062,97.11265944,1,5,9,83.19850457,2,1
2128,97.14318336,1,5,5,72.37787115,1,1
7731,97.20036903,1,5,15,92.76687177,3,0
5746,97.20479216,3,5,2,68.77476275,2,0
79,97.23453039,3,5,10,64.44875313,3,1
4811,97.44984754,3,5,24,75.88368194,2,0
5310,97.46854237,1,5,1,69.95481359,3,0
5911,97.48442182,1,5,7,58.98355359,2,1
6450,97.50329741,1,5,8,58.58452911,2,0
7283,97.55723163,3,2,20,66.51112912,3,0
2372,97.57189843,2,5,24,68.7390936,3,1
4254,97.62252684,1,4,4,72.06530113,1,1
1323,97.65187425,1,5,17,81.95784547,1,1
9066,97.67611219,2,1,22,77.89419399,2,1
5222,97.72660237,2,3,7,87.70245371,2,0
8014,97.7673034,1,4,15,88.23210419,0,1
1139,97.7715661,2,5,5,79.47285331,0,1
9045,97.79622417,1,4,23,86.23847363,2,0
1500,97.79727426,2,5,2,86.70123503,1,1
7279,97.83535161,1,3,1,96.869967,3,0
2161,97.89582881,1,5,10,80.14606945,4,1
5161,97.98007521,1,5,5,80.81840592,3,1
884,98.0221743,1,2,24,68.45145799,3,0
896,98.04570363,2,2,9,71.16877912,2,1
3793,98.05141713,1,4,23,70.63563162,3,1
8501,98.09527688,1,3,11,54.568288,1,1
8853,98.09879936,1,5,17,61.49654602,4,0
8677,98.11544823,2,2,15,56.47913138,3,0
8456,98.1715342,2,5,21,90.52833798,5,0
9679,98.2015043,3,3,11,93.94296748,0,1
9879,98.20897693,1,5,6,72.86820312,2,0
7107,98.21465382,1,5,19,77.35698037,2,0
3741,98.26931804,2,5,10,75.93583367,2,1
9673,98.30281201,2,3,10,94.3259464,5,1
4712,98.3219931,1,5,21,74.06456679,1,0
8748,98.32591701,2,5,2,73.18452247,3,0
5051,98.38413235,2,5,4,75.92058817,1,1
430,98.41087353,1,4,22,66.13652322,3,1
9082,98.44491891,1,5,24,62.35485786,2,1
5768,98.46024844,3,5,9,67.5072447,5,1
396,98.50549236,2,5,4,77.47629678,4,1
9542,98.51274567,1,3,2,98.9303064,2,0
3435,98.59328427,2,5,22,64.13921962,2,0
1158,98.69585951,1,5,12,64.40083272,2,1
6049,98.73552428,1,5,23,63.91544998,3,0
5166,98.75406791,1,2,1,79.64845821,3,0
7397,98.76756773,1,5,2,83.73251796,2,0
9133,98.7895438,2,5,22,73.96425611,1,1
1389,98.79318506,1,2,15,82.26572937,1,1
9332,98.82362809,1,5,1,73.64425024,2,1
2943,98.89896003,2,4,22,68.32859323,2,0
8950,98.91393615,3,5,11,88.49424032,0,0
5910,98.98614874,1,2,17,91.47283783,5,0
8059,99.0310915,2,2,21,72.81953572,1,1
2332,99.05074033,3,1,18,78.78476868,3,0
9320,99.05504563,2,3,1,74.47161651,2,0
6916,99.09351933,1,5,22,76.30639107,5,1
7916,99.10571255,1,5,4,68.13396129,0,1
2552,99.14206239,2,5,13,86.98678288,3,1
4493,99.15369669,1,5,3,73.86439199,1,0
9646,99.16018988,2,5,1,65.11078636,1,1
480,99.16237468,2,4,12,80.5033691,1,0
530,99.33585571,1,3,15,88.04885358,1,1
5029,99.33939735,1,5,8,80.35188756,2,1
3382,99.34306275,1,5,20,67.12560338,2,0
9738,99.36534998,1,3,23,96.52896787,2,0
2600,99.37394756,2,3,13,79.71572492,1,0
2961,99.40870799,2,4,19,51.99313095,1,0
1222,99.41750601,1,3,17,67.40853098,3,0
1580,99.44286371,1,4,14,70.25321347,0,1
2818,99.45012684,3,3,6,70.3306349,0,0
5435,99.46673568,2,2,11,60.28919472,1,1
6376,99.47174874,1,3,13,69.33394948,1,0
3820,99.4742728,3,5,7,71.03879199,2,1
3736,99.48315008,1,4,15,77.13128495,3,0
2688,99.48592942,3,3,18,87.32847568,3,0
9257,99.49361953,1,5,17,72.13228914,2,0
2826,99.50015779,2,3,18,86.184897,2,1
1480,99.53186582,1,5,11,78.07722312,1,0
6507,99.54270005,1,5,6,80.98348966,1,0
3954,99.55565737,2,4,3,63.20378469,4,1
3207,99.64152488,1,5,16,77.91755726,2,1
9005,99.73393787,2,5,3,69.04341753,5,1
5564,99.76298547,1,5,16,66.86440022,1,1
3306,99.78745911,1,5,16,49.59019124,2,1
2012,99.813289,2,2,19,71.30515714,1,1
1941,99.83895728,1,4,14,55.83638778,2,0
4442,99.84967414,2,5,23,68.2626266,2,1
8791,99.9246011,2,5,19,78.88487758,4,1
2877,99.92873218,2,4,21,80.24592262,0,0
8231,99.95894729,2,5,17,82.80476744,2,1
7569,99.9653073,3,5,3,66.71776102,0,1
5158,100.028057,2,3,21,81.25123528,3,1
5935,100.0387146,2,3,5,55.42051314,1,0
6096,100.0391526,2,1,18,83.13320808,1,0
6621,100.0745803,1,4,24,83.0103449,1,0
5390,100.1304525,1,5,22,107.1351532,1,0
5298,100.1415898,1,5,15,80.25975037,1,0
9725,100.1504418,1,5,17,47.74293373,1,1
6248,100.1925094,1,4,9,71.374671,1,1
4042,100.2262453,2,5,13,76.01427628,2,1
9659,100.3067195,3,5,11,78.9034033,3,0
8040,100.3085868,2,4,20,60.87408633,1,1
343,100.3195513,2,3,16,84.90037945,1,0
5134,100.326262,1,3,5,67.44182492,0,0
242,100.4073066,1,5,13,64.51975327,0,0
9130,100.4282719,1,3,23,84.60405487,4,1
1000,100.4361771,2,4,24,73.83623122,0,1
6111,100.4389349,3,5,2,66.44041057,2,0
8332,100.4445951,3,4,1,74.06186327,1,1
2971,100.4524368,2,5,10,65.12348237,2,1
684,100.4642758,2,2,3,66.34858101,1,0
1269,100.4678087,3,1,20,90.43456017,0,1
5119,100.5086606,1,4,4,79.23382075,2,1
5548,100.5170245,3,2,16,79.60778991,1,1
1129,100.5604549,1,2,22,66.6582614,3,0
5190,100.5818279,1,5,11,79.56008511,3,0
3453,100.6122684,1,4,10,80.43134135,3,0
9992,100.6303401,1,5,1,82.76256555,1,1
465,100.6699639,2,5,22,84.89420521,2,0
8690,100.6850779,2,5,21,76.78139864,6,1
8599,100.6927025,1,4,18,62.72342962,2,1
2393,100.7881767,1,5,9,68.75011401,2,0
9268,100.811699,1,5,3,54.64145472,2,0
3337,100.8413934,2,4,8,91.80974289,1,1
7538,100.9913775,3,3,16,56.84886615,1,1
6141,101.0008688,1,4,1,74.72984049,2,1
708,101.0810912,1,5,2,89.00601742,2,1
6680,101.1364692,3,5,6,77.53509907,1,0
7763,101.2445712,3,5,5,69.21953753,4,1
153,101.2909466,1,5,22,86.2204196,2,1
4668,101.3015633,1,2,20,72.86074654,3,0
3409,101.309488,3,5,13,88.21128649,1,0
6542,101.4263586,2,5,4,63.24545594,2,1
6773,101.5143908,3,3,10,74.29034986,0,1
5823,101.5664344,1,4,12,47.10994051,3,1
2645,101.6248092,2,1,10,60.80137623,0,1
1668,101.6441371,3,3,22,79.96010127,0,0
9690,101.65481,1,5,19,74.19975738,1,1
3994,101.7314409,2,3,24,85.4388352,2,1
1385,101.7736827,3,5,3,69.40899072,1,1
2769,101.778588,1,2,6,91.69706562,4,1
4580,101.7898195,2,5,18,100.0828051,1,1
91,101.8037916,3,4,20,76.33245963,0,0
2197,101.9314289,2,4,18,82.3254973,2,1
4833,101.9489444,1,3,3,80.08898011,2,1
697,101.949221,3,3,14,44.2275893,3,0
4299,102.0345026,1,5,24,82.0326689,6,0
1634,102.1547332,2,5,23,68.37020697,0,1
8495,102.1708079,2,3,13,66.79363089,3,1
4552,102.1873058,1,2,10,69.63703652,1,0
9643,102.2139667,2,3,7,61.14059205,1,1
819,102.2160197,2,5,20,67.17241789,4,0
4941,102.223641,3,5,20,83.44191592,3,0
9021,102.266817,1,4,6,72.48281574,2,0
5245,102.2703977,1,5,11,72.21039911,0,1
4083,102.3084281,1,5,13,80.29495312,2,0
9015,102.3267455,1,5,14,79.6231759,1,0
6691,102.3376265,2,3,24,79.1703557,1,0
4625,102.3675472,1,2,1,81.91794698,4,1
8428,102.5075842,1,5,18,82.52195126,4,0
6661,102.524007,3,2,14,90.4674911,6,1
9259,102.5396299,2,5,23,62.50799146,5,1
5478,102.6092339,2,2,12,69.10025068,1,1
3779,102.6262481,1,5,22,70.05521667,1,0
909,102.648868,2,4,17,79.85894997,2,1
6432,102.6741491,2,5,13,54.90754923,2,1
9233,102.7411881,1,5,10,63.9260954,3,0
2560,102.7488611,1,5,9,73.26971774,3,0
7659,102.7826386,1,3,15,91.43104068,2,0
6540,102.8476626,3,3,10,67.88803607,3,1
1256,102.8481392,1,5,15,84.05755201,2,0
2975,102.900734,2,4,5,81.6628991,3,1
7278,102.9298994,3,5,10,73.83147431,1,0
3708,102.9518032,2,5,24,80.56979491,2,0
9763,102.960342,1,5,16,97.0026267,2,0
9070,103.0406894,1,5,17,56.64607936,0,1
4288,103.1178095,1,5,7,71.88478271,5,0
2514,103.2171494,1,2,24,100.2007304,3,0
9341,103.3621002,1,5,11,84.73197306,1,0
4842,103.378234,1,5,1,79.42349738,3,0
1655,103.4264016,1,5,22,59.10903495,2,0
7167,103.427256,1,4,4,53.3480811,1,1
866,103.4955194,2,4,1,60.44118292,0,1
1056,103.5772696,1,5,13,77.28623606,3,1
4550,103.6968366,1,4,1,82.12572514,3,1
5256,103.7213837,3,4,21,84.66218523,2,0
6537,103.7363212,2,4,15,84.244109,5,1
8568,103.7836847,1,5,21,73.6773323,1,0
6923,103.8393075,2,2,17,69.43063505,3,1
7852,103.848583,2,5,6,71.96913513,3,1
6072,103.8604789,2,4,20,77.83350503,2,1
5458,103.8795597,1,3,1,62.90247025,1,0
7139,103.9100064,3,5,10,71.43590345,2,1
835,104.0941683,2,3,22,74.64481013,4,1
3139,104.1388129,2,5,8,67.99527174,2,0
3359,104.1392193,1,5,6,91.61803925,3,0
8951,104.1775788,2,5,10,75.64726239,1,1
9792,104.1814501,1,5,22,66.34306847,2,0
637,104.2564076,1,5,16,75.23372847,1,0
3590,104.3388276,1,5,6,68.61422683,4,1
4508,104.3511997,3,2,5,77.53953927,4,1
7460,104.3818219,2,5,24,75.24011098,1,1
2056,104.4965022,1,5,19,71.54857068,3,1
876,104.5134067,3,4,19,84.45462531,3,1
3982,104.5247015,1,4,3,68.71636828,2,0
110,104.5256747,1,5,16,77.81971237,2,1
2997,104.6203689,1,5,13,54.38043105,1,1
2715,104.6387838,1,5,5,80.96755137,1,0
7220,104.6459231,1,5,8,59.9715147,1,0
366,104.7404256,2,5,22,83.52559075,0,0
2392,104.7810018,2,5,9,72.11400784,3,0
2271,104.8032386,1,5,21,75.76341118,5,1
3073,104.8333582,3,5,6,60.02886043,4,1
6324,104.8593768,1,2,4,70.00699196,1,1
5071,104.9345785,1,5,7,64.19011537,1,1
8934,105.0040821,2,1,5,69.73175979,1,0
9330,105.0920091,1,5,3,76.43277944,2,0
883,105.0989869,1,5,8,76.57186583,2,0
9923,105.1309775,1,5,3,80.52870841,0,1
5194,105.1899972,3,2,16,74.1882019,2,1
7457,105.2039708,1,5,24,74.57968698,1,1
9377,105.2390928,2,5,24,66.71168705,3,0
3841,105.358241,1,5,1,87.73255796,5,1
7390,105.3954827,3,4,22,79.82258743,1,1
5035,105.415955,1,5,10,92.91699487,3,0
6650,105.4917758,1,5,15,67.29276261,1,1
9278,105.5525216,2,4,2,74.61194143,2,1
7430,105.5575129,2,5,2,77.04800991,3,1
6334,105.6301445,3,4,20,62.90041904,5,1
5664,105.6566004,2,5,17,75.1200191,1,1
5970,105.6602858,1,3,12,63.13875841,2,1
6430,105.6889572,2,3,23,94.51629615,1,1
928,105.7344315,1,4,23,72.59922986,2,0
1225,105.7938838,1,5,9,73.6843559,4,1
1011,105.8301392,1,4,6,65.65404211,0,1
5948,105.8708377,1,5,8,79.54981214,3,1
4162,105.8716044,1,5,11,71.10487739,3,0
2938,105.8816729,1,5,4,71.23864716,2,0
6685,105.9038428,3,5,24,88.00125557,0,1
7295,105.9204524,1,4,15,76.31316153,0,0
6464,105.9579151,1,4,9,73.22729606,2,0
6199,105.97041,2,4,15,72.31341995,2,0
5781,106.0645858,2,5,17,71.13022513,2,1
4302,106.1028792,2,3,1,71.33071369,2,0
52,106.1264394,1,4,5,75.27937165,2,1
8619,106.1536772,1,4,2,65.11504279,3,1
6633,106.1626,1,4,3,70.66611103,1,1
4927,106.277834,3,2,20,68.78527488,4,0
5026,106.3279123,1,4,20,78.99599448,4,1
5484,106.3589019,2,2,22,88.41116291,2,1
8518,106.5358843,1,5,17,64.81750457,3,1
4240,106.6078505,1,5,19,86.60081352,0,1
5589,106.616324,2,1,20,75.15927565,1,1
9746,106.620575,1,5,12,70.61485795,1,0
6976,106.6226149,2,5,23,90.30924424,1,1
158,106.6411488,1,4,14,85.49333192,1,1
3323,106.6820792,1,5,15,79.82409577,2,1
36,106.7132883,1,5,17,70.03339056,2,1
6365,106.7173972,2,4,5,75.04922864,3,0
5236,106.8434369,3,3,16,70.84919546,4,1
3905,106.8492078,1,5,6,58.44924211,2,1
6383,106.8760869,1,5,3,87.61136893,0,0
1924,106.8926281,1,5,12,56.25464832,1,0
7010,106.939541,1,2,22,66.48191797,2,0
3171,106.9430752,3,1,5,77.50418227,2,1
6793,107.059659,2,1,9,77.31657382,3,1
6307,107.0744486,2,5,16,68.24900903,2,1
9019,107.0768553,1,5,12,69.82559252,1,1
2136,107.1055064,1,5,4,86.02390534,1,0
3344,107.1320724,1,5,19,65.61888738,1,1
6901,107.185038,1,5,21,67.96327374,1,1
8612,107.195436,1,3,6,49.37347446,1,0
7025,107.2204332,1,5,4,83.53249665,2,0
2712,107.2660779,2,3,18,53.32431611,1,1
2766,107.2710837,1,4,3,82.87294937,3,1
1390,107.2968762,3,5,24,58.19552671,6,1
2603,107.3159497,1,5,17,77.34058618,3,1
9247,107.3653759,3,5,17,70.57945522,2,0
9446,107.3903984,2,4,9,59.29167644,3,0
1253,107.4287995,3,3,22,81.11898123,1,0
8461,107.4893702,1,4,8,65.51919036,4,1
4971,107.5186291,1,3,4,83.42764122,2,0
3989,107.5444711,1,5,15,73.17345877,1,0
8334,107.565086,3,5,20,74.60469528,2,0
1096,107.6267081,1,5,5,63.52960258,1,1
4955,107.7311219,1,5,12,60.23107386,0,1
1201,107.7977558,2,4,3,67.41165314,2,1
7626,107.8199175,1,5,20,76.20328675,4,1
8386,107.8226059,3,5,12,78.25586956,0,0
3164,107.9165578,1,5,4,84.19916233,1,1
5544,107.9439067,1,5,24,67.42174598,1,0
8094,107.9666044,2,4,20,63.06420613,3,1
4584,108.0413016,1,2,5,68.13037132,2,1
5722,108.0563813,3,4,20,52.57731346,2,1
131,108.0578858,1,2,18,81.07699075,2,0
5908,108.0638219,1,5,13,83.89067622,2,0
8352,108.0816953,2,5,5,75.93340545,3,0
7274,108.0839868,1,2,1,60.10759844,1,1
4600,108.1236018,3,5,4,91.28769211,3,1
5584,108.1877341,1,2,1,78.20818663,3,0
5569,108.2057829,1,5,15,81.8164172,0,0
5097,108.2545781,1,5,2,71.69478438,4,1
7949,108.3361499,1,5,18,83.07817841,1,1
2850,108.4120377,1,5,19,76.17972431,0,1
7106,108.5817637,1,4,13,76.56089484,2,1
3834,108.6401051,1,4,1,69.82260666,3,1
6346,108.6805142,1,4,1,85.56682093,2,1
1858,108.6926751,1,5,6,85.00584342,1,0
4781,108.6953659,1,3,19,42.25486282,2,0
368,108.7102387,3,4,2,68.78616472,1,0
5536,108.7144614,2,2,6,70.79166395,2,1
4926,108.7169238,1,5,17,82.43075223,4,1
8963,108.7251092,3,1,22,78.09791264,3,0
9620,108.7258092,1,5,15,68.88267499,5,1
4471,108.7418322,1,5,8,67.8393298,2,1
8630,108.8089513,1,5,2,79.43456972,1,1
8041,108.8681245,1,5,4,83.71728755,3,1
2599,108.8715298,1,2,20,63.84352578,1,0
1174,108.9670137,2,1,13,64.10138304,5,0
696,109.041268,1,4,13,86.66153272,5,1
9391,109.1023004,1,5,10,76.04842182,3,1
6755,109.1037881,3,4,24,79.43623308,0,1
8066,109.1437685,1,3,19,74.23338,1,0
6420,109.1782501,1,2,21,81.20247554,0,1
8980,109.2557661,3,5,1,87.08592636,0,0
767,109.4042315,1,2,5,84.39947221,0,0
4893,109.5231351,2,3,4,86.89054742,2,0
7832,109.6045587,1,5,19,71.38080619,2,0
1277,109.6069002,3,5,5,64.34858581,3,1
9018,109.6140632,1,5,7,83.43887709,3,1
1562,109.6231215,2,5,22,77.3258898,0,1
6299,109.8227162,2,1,10,67.42123498,1,0
5737,109.9160954,2,2,16,81.2424772,2,0
8377,109.9346081,1,5,15,63.35766367,1,0
8954,110.0299911,1,5,10,70.85282086,1,0
5342,110.0434823,1,3,21,63.85750787,2,0
7261,110.1077249,2,5,19,79.92728668,3,1
679,110.1707608,2,5,16,73.21581019,3,1
5321,110.189034,1,4,17,81.42714753,1,1
2788,110.257703,1,5,21,83.02081731,1,0
9872,110.3151027,1,5,9,85.92794707,3,1
6662,110.3466707,1,4,16,94.67124692,1,0
1997,110.371799,2,3,24,92.33501121,0,1
7291,110.3747376,1,5,22,61.37151564,1,1
2733,110.4044226,1,3,8,74.44695323,2,1
3800,110.4846297,2,4,15,69.80337145,1,0
7424,110.4883433,1,5,18,67.15308609,1,0
8374,110.5006396,1,5,10,92.75732577,2,1
7646,110.5006728,1,5,8,84.84077072,3,1
7773,110.5800434,2,5,24,79.56046508,0,1
3046,110.6006697,2,5,5,73.73381588,5,0
1318,110.6303916,1,3,2,76.35355528,1,0
3584,110.6752499,2,3,6,83.75739827,0,0
3468,110.8767128,1,2,15,89.658394,1,0
751,110.902413,1,5,13,62.68683756,1,1
344,110.980582,1,2,1,77.89692607,2,0
8692,111.1316375,1,5,9,60.63787671,2,1
1919,111.1559553,1,3,18,72.69270387,1,1
1719,111.1789806,1,5,23,57.81329746,3,1
3924,111.1991727,1,5,7,68.86314848,3,1
3250,111.2184005,1,2,13,68.05313662,3,0
7052,111.2562216,1,5,7,85.12823582,3,0
5027,111.2941319,3,4,2,75.29365944,3,0
6791,111.3137161,1,4,6,83.62510921,3,1
3048,111.3453229,2,5,15,72.22268277,2,0
8747,111.3922486,1,4,7,67.54142233,0,1
6202,111.4588104,2,5,16,82.79083137,4,1
2983,111.4733007,2,4,22,81.04636865,1,1
2584,111.5890907,1,3,12,80.12522985,0,0
2347,111.645847,2,2,11,68.68941033,2,1
170,111.6579005,1,5,5,75.96896515,2,1
1873,111.6891141,2,4,2,62.84706078,1,1
2126,111.7109826,2,2,5,81.04022087,2,0
1935,111.7194974,1,4,4,77.4727962,2,0
781,111.9719484,1,2,23,85.28916019,5,1
4177,112.006783,2,3,15,91.96439247,2,1
9685,112.0189715,1,5,13,66.85930495,2,1
4384,112.0237393,1,3,23,70.78210703,0,1
7216,112.0484192,1,5,16,63.02051713,3,1
3611,112.1266506,1,5,17,87.41080687,0,0
4641,112.2152254,1,5,8,70.50605324,1,0
1085,112.2200574,3,4,4,79.32527757,3,1
8470,112.2328217,2,5,9,77.40963353,3,1
3449,112.2606572,1,4,7,72.71261061,1,1
6860,112.2609471,1,3,2,80.25827212,3,0
4328,112.3279516,1,5,24,73.21492016,2,0
1155,112.3598725,1,5,3,69.56124771,2,1
907,112.3932592,1,5,12,55.08064125,1,0
3867,112.4533449,2,3,9,87.46660633,2,1
9123,112.4582896,3,5,19,80.13023174,4,0
9496,112.4712653,1,4,22,74.61160273,1,1
6060,112.5311509,3,4,21,86.48808458,4,1
6611,112.5814159,2,5,9,78.21820362,1,1
3280,112.6237293,3,5,7,72.55801012,1,1
6869,112.701956,1,5,1,76.3045111,0,1
4352,112.9071494,1,5,17,79.65940588,2,1
4954,112.9858119,2,2,16,74.2012708,3,1
9608,113.0461787,2,4,19,69.80343371,1,1
3774,113.0768451,1,5,19,73.27621206,1,0
1818,113.2704455,1,5,22,80.48919281,3,1
3471,113.3143807,3,3,5,82.09379882,6,1
7770,113.3763038,1,5,12,86.38139086,2,1
7444,113.4890585,3,5,6,81.44942955,1,1
3696,113.5230387,1,5,10,71.72987731,2,0
4880,113.5731457,1,5,9,76.43908247,3,0
6157,113.6243425,1,5,4,94.72920908,0,0
133,113.6449671,1,5,22,74.25049863,1,1
7000,113.7652504,1,2,23,84.52119668,0,1
7904,113.8000204,1,2,6,57.82938668,4,1
9753,113.8375147,1,5,8,91.88560376,2,1
4624,113.885994,1,5,15,78.66298418,3,0
4298,113.8906864,3,1,1,70.0143438,2,0
2996,113.9002025,3,5,24,78.5457965,1,1
1314,113.9381323,3,3,12,64.21957281,0,1
6745,113.9602532,2,1,11,74.84260849,0,0
1375,113.9666348,1,4,22,71.99007578,1,0
4686,113.9670729,1,3,8,91.81591566,2,0
6036,114.0025115,1,4,7,87.85083059,3,0
22,114.0230804,3,5,1,63.09656292,3,1
8524,114.027404,2,2,14,82.458998,1,1
1746,114.0398832,3,3,1,85.04887664,1,1
9925,114.273836,2,5,2,75.82698985,1,0
5971,114.3032781,3,5,10,76.44113157,1,0
6452,114.3605785,2,3,23,72.77163169,6,0
8818,114.3942676,3,5,10,85.56655986,3,0
7256,114.4174842,1,5,17,79.00738867,3,1
4172,114.4201735,1,5,2,79.85633456,2,1
3178,114.4560201,2,4,5,61.06281172,1,0
3813,114.4704905,3,4,1,84.96520742,3,1
3168,114.5661059,2,3,11,60.47640347,2,1
8541,114.6153051,1,5,8,59.54732409,2,1
8150,114.7680761,2,3,13,87.21726919,4,0
5244,114.8600547,1,2,24,87.35273535,4,1
5880,114.9784915,2,5,14,99.73836719,1,1
8563,115.0219935,1,2,9,94.61783494,3,0
4530,115.1289706,1,5,3,76.26622016,0,1
5000,115.2821296,1,2,4,69.37980611,1,1
7172,115.2950862,1,2,10,64.26405434,3,0
5639,115.3129876,1,2,17,81.79811067,3,1
1712,115.3701863,2,5,19,78.34808736,2,1
9127,115.3705069,1,5,22,69.39838347,4,1
477,115.3837332,1,4,7,79.45365692,2,1
2269,115.4065016,2,3,21,69.04764307,2,1
7698,115.4581978,1,5,9,82.77461697,1,1
6418,115.4663237,1,5,17,75.68480591,0,0
1268,115.5116388,1,5,2,88.79168992,2,1
7421,115.5224662,1,5,11,77.21200372,4,1
7524,115.5237536,1,5,1,72.44282925,2,1
6832,115.5304401,3,3,12,68.2190015,1,1
6098,115.5763884,2,3,18,71.8740891,0,0
360,115.7504123,1,5,15,78.24834952,4,1
9318,115.7577988,2,1,20,59.85548424,2,1
7050,115.8278959,1,2,15,58.90226453,3,0
4582,115.871421,1,5,3,79.40440987,0,0
759,115.9129134,1,4,20,72.47185388,4,0
4293,115.9397963,1,5,12,69.94712592,5,1
1714,115.9620301,1,5,14,85.44439052,1,0
371,115.9797588,1,5,21,62.51424769,1,0
6727,116.018968,1,4,3,66.56799558,2,1
9347,116.2461576,1,5,7,80.67636939,1,1
9876,116.2606762,1,5,8,88.04597457,3,0
6994,116.2625464,2,4,7,68.78508003,3,1
7024,116.2672167,1,5,11,73.67595003,2,0
6965,116.2760996,1,4,9,92.07339393,5,1
4234,116.2782838,2,3,6,71.63623703,4,0
8089,116.2937962,2,4,15,67.09578731,2,1
4022,116.3070274,2,3,11,74.48525919,0,0
4231,116.323323,3,5,7,64.17855328,2,1
4395,116.3875154,1,2,8,84.1520516,3,1
9118,116.3948172,3,2,13,76.9826098,5,0
9905,116.4211781,2,3,13,81.59970403,2,0
6683,116.4495332,1,5,8,63.67692677,2,1
6,116.4559492,1,2,12,58.70838959,0,1
2432,116.474513,3,3,17,82.14458695,1,0
1421,116.5431928,1,5,24,77.13468569,3,0
2969,116.5971026,1,5,15,86.69897346,2,0
2387,116.6062257,2,3,9,67.17749189,2,0
1266,116.626482,2,2,24,63.68224665,2,1
9006,116.66047,2,5,23,67.41445442,2,0
515,116.6701941,1,2,19,85.74142994,3,1
5778,116.8347474,1,5,6,71.5210914,3,1
3391,116.8652786,1,5,5,58.55797683,0,1
7732,116.9517215,2,5,4,72.4106958,0,0
1123,116.9521077,3,5,6,83.9653132,4,1
5549,116.9944046,1,5,3,83.27399822,3,0
9904,117.009832,1,5,2,64.97765797,1,0
2614,117.0192422,3,5,7,87.33116573,1,1
9888,117.0199327,1,2,8,83.90116998,1,1
6028,117.0923099,1,5,8,79.98191104,2,0
4792,117.1068668,2,5,19,85.39942759,2,1
11,117.1345989,2,3,9,97.78623688,2,0
9255,117.2505257,3,2,17,74.16564377,1,0
5726,117.3008576,1,5,4,62.6610915,6,1
2764,117.3220474,3,2,19,65.97716126,2,0
8195,117.3254117,3,3,4,82.83904538,1,1
5825,117.3646395,2,1,10,79.60363819,4,0
2705,117.3954595,2,2,20,62.47317546,1,1
1888,117.4127037,3,5,2,83.31142262,3,1
8288,117.4144751,3,4,21,63.57690669,0,1
4923,117.4392182,2,5,5,59.10548869,1,1
4431,117.6397716,1,4,15,73.13812807,1,0
6040,117.6527468,1,5,10,85.72123616,2,1
4909,117.7023607,1,5,2,86.0938502,3,0
487,117.7325191,1,5,9,90.14407278,2,0
51,117.8068257,3,2,1,66.84901958,1,0
5264,117.8555863,1,5,5,74.51254771,2,0
1902,117.8861713,1,5,18,66.78057188,0,1
849,117.8882345,1,5,24,62.24038891,2,0
2520,117.8973872,1,5,11,85.17975629,3,1
5129,117.922747,3,5,3,57.8304593,2,0
5221,117.9251092,1,5,16,65.01231992,2,1
8097,118.0457143,1,4,20,78.10299506,1,1
6484,118.1174105,3,5,4,83.42243408,2,0
3724,118.1224488,1,5,3,85.86694733,1,0
3634,118.165745,1,3,8,71.02579609,6,0
4423,118.1890762,3,3,1,97.12959475,4,1
5583,118.210605,1,4,18,67.73504285,1,1
9001,118.3484654,1,5,16,90.00279519,2,1
9521,118.4600702,2,2,13,69.35963566,4,1
4798,118.482183,2,3,1,84.08962848,1,1
7910,118.5203764,3,4,19,83.67352857,0,0
9416,118.5729816,1,5,21,79.68580409,1,0
7727,118.5877794,2,5,7,80.91353786,2,1
120,118.6766101,2,5,7,70.34860942,2,0
3399,118.8089794,2,5,15,80.555101,1,0
5352,118.9008311,3,4,1,58.96949215,1,0
3947,118.9034874,3,3,7,91.3225028,4,1
4283,118.9191016,1,5,16,77.50373997,0,0
9663,118.9193749,1,5,2,65.08228199,0,1
3768,118.9211054,1,5,15,90.07975053,3,1
9818,118.9481267,2,3,8,76.66146851,1,1
7358,118.9734875,3,4,3,76.05061873,2,0
7112,118.9774575,1,5,16,59.31085524,3,0
1904,119.0274269,1,5,20,81.38946729,4,1
4809,119.0647745,2,2,3,70.75155165,3,1
2761,119.0926144,3,4,10,53.21120248,2,1
7568,119.0985093,2,4,15,71.62489303,2,1
6610,119.105537,1,3,8,83.53594451,2,1
5474,119.1912189,1,4,19,73.5671932,1,1
2986,119.1961279,1,5,8,76.21497869,1,0
7027,119.2417171,1,3,9,55.94901806,1,1
6227,119.2431603,1,2,16,88.86388738,1,0
505,119.2650608,1,5,10,71.18286374,3,1
4847,119.3003132,1,5,7,98.16061456,0,1
2395,119.3144866,1,5,17,85.05747192,4,1
2561,119.3285772,2,2,9,111.2196475,5,1
996,119.3635734,1,4,17,58.39873781,1,1
6341,119.4316536,2,3,14,72.48268247,1,1
7833,119.4860109,1,5,19,81.40460546,2,0
9739,119.6387662,2,4,2,66.78095145,2,0
8008,119.6546032,1,5,20,65.37877477,2,1
4697,119.6837478,1,3,18,69.15104335,2,0
1940,119.7682961,1,5,22,76.41191163,2,0
4962,119.7922654,2,1,10,87.69508703,1,0
7811,119.8089811,1,5,24,77.76513619,1,1
6194,119.8650599,3,4,16,72.52847962,3,0
181,119.8735322,2,5,20,79.13017202,2,0
7293,119.8816449,3,3,22,79.8123612,1,1
3190,119.8832897,2,3,19,84.99058437,0,1
3465,119.8956317,1,5,12,74.00698594,2,1
5903,120.0308447,3,5,3,68.72645925,3,0
7953,120.1347194,3,5,7,67.72905914,1,1
5916,120.1869332,1,4,20,67.8650156,3,0
677,120.1984067,2,5,16,80.03349504,1,0
2093,120.209392,1,5,8,74.22013852,0,1
7817,120.2199488,3,5,22,64.1645992,1,1
6039,120.2386613,1,2,4,66.11644723,2,0
7225,120.2560949,2,5,22,83.68977824,2,0
6032,120.2801146,3,2,24,77.44436606,0,0
2227,120.3578619,2,3,23,67.05099567,1,1
3135,120.3639892,1,4,23,72.58062035,3,1
6996,120.3718774,3,5,6,77.03377262,2,1
5801,120.4526162,1,3,9,71.5474864,1,1
6267,120.6042186,1,4,1,61.23287549,1,0
2175,120.6431211,1,2,17,77.08620299,1,0
2246,120.6815741,3,2,9,80.68017877,2,1
4403,120.7217025,1,4,11,68.64163544,1,0
2504,120.923951,1,4,17,90.2101204,0,1
9455,120.9359553,1,5,4,73.38582585,2,1
4448,120.9795328,1,3,22,55.25422056,4,0
5174,121.0761383,2,3,15,97.11816988,1,0
1195,121.1246207,2,5,10,83.67722956,3,0
2480,121.162693,1,5,15,74.4020698,2,1
3125,121.2600576,1,4,21,86.00868301,1,0
3206,121.2886506,1,4,21,71.05246432,3,0
311,121.2960431,1,4,7,74.92774765,1,1
914,121.339949,1,5,3,80.29702342,1,1
6957,121.4605041,1,5,8,68.87736058,0,1
1489,121.4752795,1,2,21,90.23498645,2,0
9644,121.489734,1,5,1,77.59510065,5,0
6754,121.4951797,1,5,10,71.31569818,1,1
7791,121.5118579,1,5,17,57.24580239,0,0
446,121.5160029,3,5,8,77.94244734,1,1
8493,121.6098194,3,5,21,74.4306186,1,1
9714,121.7019563,2,5,2,94.89376445,0,1
8955,121.7269371,1,3,6,78.93396546,1,1
6795,121.7481241,1,5,9,68.79357393,3,0
9179,121.7607488,3,5,12,90.11136692,3,0
282,121.9328628,1,5,23,73.28109257,2,0
2244,121.9464421,1,4,7,83.92382691,1,0
2880,122.0172586,1,5,18,81.85081857,1,1
9658,122.0461965,3,5,8,69.60465451,0,1
7510,122.0995345,1,4,9,65.96745465,3,1
6645,122.12451,1,5,22,81.38954458,1,0
6405,122.1263393,1,5,10,80.16499934,5,1
5252,122.2339414,2,5,23,93.46803641,1,0
267,122.2402527,3,4,21,60.6533703,1,1
6656,122.288438,2,5,14,75.46804712,1,1
1306,122.3542074,1,5,16,79.71789161,3,0
3198,122.3670872,3,3,24,76.90366237,3,0
526,122.3766001,1,5,22,84.22680522,3,1
4947,122.4485607,1,2,24,69.08473766,1,1
6850,122.5403797,1,3,14,82.1538472,0,1
5509,122.5635585,2,5,23,76.03724595,2,1
5710,122.6040294,1,5,24,88.16104458,3,0
292,122.6430774,3,5,14,65.46313717,5,0
4500,122.6534382,3,4,12,84.22080712,1,0
9157,122.6676786,1,5,23,67.52644799,2,1
3600,122.7023345,2,3,22,69.89834448,3,1
6966,122.7239329,3,4,16,76.04320159,3,1
8659,122.8064778,2,5,13,90.00014809,1,1
2008,122.8380337,1,5,20,77.43483679,2,1
4902,122.8785081,1,5,21,80.48388523,2,1
2429,122.9346833,1,5,17,69.35462715,3,1
3959,122.9815007,1,4,15,65.51125535,1,1
3888,122.9833962,1,5,7,68.73852629,3,1
4109,123.0008656,1,5,8,89.09968162,0,1
5443,123.0474824,2,5,22,49.8249493,2,1
6788,123.0624424,1,5,10,98.27693842,2,1
3444,123.1017515,1,3,2,62.52472101,2,0
3881,123.1089885,1,2,4,73.1856067,2,1
4480,123.2129299,1,3,9,86.13211683,1,1
8297,123.2325661,2,3,17,84.93924194,2,1
4616,123.2544187,2,4,5,70.31136236,3,0
6371,123.263737,2,5,7,65.84495501,1,0
3316,123.3544463,3,3,7,88.41926416,2,0
4612,123.4051823,2,5,6,77.52288954,1,1
189,123.5043155,3,5,18,67.92115137,5,0
2067,123.5271913,2,5,12,78.38022258,1,1
9700,123.5338145,1,4,22,76.81991904,0,0
1908,123.6971106,2,5,16,81.91089296,4,0
9514,123.8624087,1,5,20,55.12483705,2,1
2732,123.9247496,3,5,19,87.63801641,3,1
575,124.0091527,1,4,19,69.31515735,3,0
3716,124.022742,1,5,15,73.38852543,1,0
2426,124.1035549,2,1,17,84.53122369,1,1
9160,124.2189762,2,2,20,77.50635116,2,1
192,124.2249751,2,4,11,79.05108129,1,1
1774,124.3671552,1,5,9,74.93360496,4,0
7831,124.3747425,3,3,5,75.20461758,4,1
3018,124.3960515,1,4,17,73.92575713,2,0
7792,124.4447431,3,4,21,75.00800618,2,1
2557,124.5480517,3,4,9,69.98648815,3,0
9437,124.6184492,1,5,10,71.27140071,2,1
6433,124.6844349,3,4,24,65.25804501,1,1
6271,124.7033022,2,2,11,86.63371299,2,1
2893,124.8116815,2,2,14,65.81358666,3,1
5905,124.8530049,1,5,21,75.6624611,1,0
1914,124.8759156,1,5,5,87.93921287,0,0
7547,124.8918545,3,3,13,99.352913,1,1
7871,124.9127149,3,5,5,73.8047705,0,0
7564,124.9228164,2,3,22,68.99534628,2,1
8031,124.9943607,3,4,21,72.04077493,2,1
8802,125.1180783,3,5,4,70.05910071,0,0
9764,125.1400188,1,4,16,63.54051218,3,0
6397,125.2646523,1,4,5,75.15515896,3,1
754,125.2939368,2,5,8,88.10621397,1,1
200,125.4628663,1,4,23,96.81058812,3,1
7894,125.4644649,1,5,24,59.45142339,1,1
4984,125.4705125,1,4,7,67.31875587,0,1
9867,125.4753307,1,5,21,87.8269869,1,1
7035,125.5854638,2,1,23,72.11113202,3,0
8494,125.5868538,1,5,15,74.19863909,0,1
8706,125.5992741,1,5,13,63.14871877,1,0
1173,125.6113056,1,5,14,76.44200741,1,0
5516,125.6612907,1,5,18,72.36127013,2,1
8985,125.6946965,1,5,2,80.57340895,2,1
9261,125.7316802,2,3,8,88.24871694,0,1
338,125.7927512,2,3,10,94.63358223,8,0
8557,125.9275636,2,5,10,86.58689456,2,0
9826,125.9493232,1,3,6,79.34851453,1,1
2510,125.9979638,1,5,16,79.91595643,2,1
8207,126.1388625,1,5,7,72.46689143,1,0
7971,126.2104203,1,5,18,84.50727994,1,1
6921,126.21672,1,4,12,81.59320787,1,1
3314,126.2255602,1,4,23,68.8141885,0,1
7575,126.2869311,2,2,8,73.68340319,0,0
7839,126.302498,1,5,5,63.65405872,1,0
5171,126.310072,1,2,16,88.65069559,1,1
5106,126.3319569,1,5,19,56.45428787,3,0
2073,126.3845301,2,5,21,77.39241443,4,1
392,126.4619995,2,5,24,91.45112889,1,1
3806,126.5012393,1,5,17,69.19783169,3,1
6751,126.5197575,1,5,20,65.84956008,2,0
1844,126.5986279,2,1,22,77.56020614,1,0
5049,126.6452396,1,3,11,84.38652007,2,1
3862,126.6818738,1,4,6,77.75172666,0,1
9246,126.6899015,2,5,15,77.02855635,1,0
954,126.832037,2,3,21,83.10482074,0,1
8068,126.8336866,1,5,5,69.02503842,4,1
8504,126.855305,2,5,19,79.9345679,5,1
2995,126.893658,1,5,23,68.93628937,2,0
6074,126.8983774,1,4,12,61.93637929,1,1
6834,126.9629446,2,5,14,84.77865589,3,1
152,127.1071678,2,5,7,82.51584206,2,0
7407,127.1441162,1,5,1,69.0547716,1,0
1664,127.2268642,1,2,23,75.15881446,3,0
98,127.2606953,1,3,24,73.14649665,2,1
9997,127.302411,3,5,24,81.56783934,1,1
8055,127.3048101,1,5,22,94.54188857,0,0
2340,127.3399137,1,3,1,97.75829152,2,0
354,127.3613018,2,5,15,75.54945474,1,1
5212,127.3686038,1,5,15,72.27209447,3,0
7531,127.48738,1,5,12,77.17383307,0,0
5188,127.5108012,2,5,6,82.18788831,4,0
5527,127.608962,2,2,18,79.45767409,5,1
1308,127.6635415,3,1,10,75.56605213,0,0
7509,127.7548256,2,5,8,58.17725402,1,1
5254,127.7624008,1,5,9,71.74735274,3,1
6506,127.8042384,2,3,9,59.58302501,1,1
584,127.923656,3,3,5,60.61960143,3,1
9493,127.9839295,2,2,13,80.94372774,2,1
136,128.021867,2,1,17,87.14648424,3,1
7523,128.0415474,1,5,3,70.54846287,1,1
2990,128.2322711,2,5,8,84.83142643,1,0
6638,128.2365253,1,4,24,77.36725279,2,0
3509,128.2462983,1,5,20,89.48730563,2,1
5909,128.2628325,2,5,22,71.39962733,2,0
8499,128.2864141,1,5,9,79.16609524,3,1
4080,128.2868781,2,5,10,78.69294956,0,0
5141,128.4342839,1,5,14,84.71383658,3,1
21,128.5988932,1,2,19,76.96877724,4,0
6840,128.6395414,2,5,8,66.61036492,4,1
3052,128.682494,1,5,24,68.39321439,3,1
3432,128.6991033,1,2,14,77.98518081,0,1
7584,128.7340647,1,2,19,80.50278491,2,1
673,128.7388141,1,3,5,69.81901809,5,1
1211,128.7401217,1,5,19,76.39326713,2,1
9844,128.7728178,3,4,15,76.67780426,0,1
7751,129.0966127,2,5,18,56.90220738,2,0
7609,129.1450474,3,4,7,77.91462376,0,1
8146,129.1733283,1,4,1,98.21401371,4,1
2653,129.2128611,2,4,15,70.02857614,3,1
1383,129.2937482,2,4,19,79.24429846,2,1
9796,129.3894619,1,2,21,76.26285959,1,1
4452,129.4992995,3,2,21,77.89178953,1,1
5250,129.5477821,2,1,6,74.92200391,1,0
1462,129.6669495,1,2,18,78.89995887,1,1
306,129.7167168,1,5,7,70.51892839,1,1
373,129.7332412,1,5,5,69.86979508,4,1
4933,129.7641623,1,4,1,73.97533555,4,0
2239,129.7930234,1,5,24,82.71435243,2,0
2759,129.9295781,1,4,10,82.30229575,4,0
8602,129.988779,1,5,23,77.57257182,1,1
1454,129.9936867,2,2,1,66.76231343,2,1
3655,130.1314326,1,5,23,75.23750676,1,0
9256,130.1835934,3,5,14,63.45657577,2,1
1356,130.2273851,2,4,9,85.83805502,2,1
1166,130.2301502,2,1,8,71.41194858,1,0
4802,130.3453254,2,4,3,87.35547135,4,0
8315,130.3927808,1,4,10,62.21976163,2,1
5508,130.6936367,1,5,3,67.66531451,2,0
8434,130.7008373,1,5,2,82.00421827,2,1
5738,130.7123184,1,5,17,71.67069282,1,0
5897,130.7179682,1,2,8,78.27801987,2,0
5389,130.7386676,1,4,20,80.30630824,5,1
8647,130.7510279,1,5,4,72.24997842,2,0
8492,131.0316208,3,3,7,64.29644886,1,1
4074,131.0888677,1,4,17,94.89072453,2,1
882,131.0943904,3,4,8,67.74198486,1,1
1151,131.0951855,1,5,13,74.75653704,1,1
7838,131.1258026,1,4,1,64.17906094,1,0
4082,131.140342,1,5,17,51.21171256,4,1
8269,131.2658429,3,2,10,80.46689691,4,1
394,131.3065315,2,3,20,73.28115197,0,1
6332,131.3841677,1,5,20,86.77200966,2,0
7347,131.3900133,1,5,10,67.22867454,3,0
573,131.4522325,1,4,16,70.72238492,2,1
4988,131.4615284,3,1,9,77.13976984,1,1
2550,131.4647638,1,5,22,78.76359596,4,1
1147,131.485711,1,4,23,90.39426351,2,1
3761,131.5696944,1,5,5,71.63138381,0,0
4154,131.6297564,1,5,21,85.64636937,2,1
1638,131.6779597,1,5,1,67.66981749,3,0
1441,131.7042535,1,3,17,77.42771093,2,1
198,131.7307916,1,2,17,72.01225885,1,1
3141,131.7684263,1,5,23,77.52944717,2,1
5719,131.7844311,1,5,18,59.15637789,1,1
8338,131.925707,1,5,4,90.31209072,1,1
2099,131.9732933,1,5,8,64.19444853,4,1
3144,132.0986882,2,5,13,77.25100732,1,1
4404,132.22065,1,5,24,85.99739477,4,1
4453,132.2839749,1,4,17,63.61664523,0,1
3271,132.343287,1,5,4,54.3931781,4,0
5431,132.3825578,2,3,8,78.48967122,1,1
5138,132.4564969,3,5,3,81.77715348,0,1
838,132.4690856,1,5,5,68.18245958,2,0
3113,132.4827045,1,5,9,71.50990426,2,1
6736,132.5643743,1,5,24,75.5628976,1,1
4004,132.5846103,1,5,22,71.07848837,2,1
1967,132.6948365,2,1,9,88.98671343,0,1
2852,132.7173094,1,5,8,58.8191974,1,1
2511,132.7720723,1,5,22,49.02970386,4,0
3975,132.8048055,1,2,9,78.70076012,4,0
2404,132.8817032,2,3,24,73.29472193,0,0
9319,132.972997,1,5,13,62.84149001,4,0
9146,133.0025853,2,3,14,72.45519254,3,0
7242,133.0552145,2,4,24,70.08527143,1,1
881,133.2030626,1,2,10,58.06458501,6,0
6909,133.2835244,1,2,11,72.40847151,2,1
1695,133.3149311,2,5,10,81.58880581,0,1
2157,133.3235136,1,4,19,58.9015553,1,0
3898,133.3336767,3,1,5,58.162373,3,0
6980,133.4144325,1,5,19,76.2570226,2,1
1122,133.458034,2,1,17,58.04540584,2,0
7063,133.5176572,1,5,5,69.86470441,2,1
7254,133.5966924,1,5,10,88.44009169,7,0
7761,133.6624309,2,3,13,93.26672753,1,0
9076,133.6703035,2,4,20,73.65152449,0,1
6263,133.9098691,3,5,22,94.60055189,1,0
9799,133.9288016,1,5,21,81.49925062,3,1
4767,133.9548991,2,4,15,73.33807835,2,0
3217,134.2862943,1,5,13,90.47578863,2,1
4972,134.5919665,1,5,7,77.07990459,1,0
2956,134.6412572,2,4,3,70.61195594,3,0
6637,134.6604331,1,5,9,75.57232337,1,1
8784,134.8278143,1,3,5,61.82827047,5,1
5940,134.8912868,1,5,23,74.84403751,1,0
3291,134.988571,2,4,14,82.83615521,1,0
2792,134.9904829,2,1,17,55.83546446,1,0
2226,135.0105925,2,5,12,68.35080888,2,0
10,135.2568341,3,4,13,76.41448061,2,0
9710,135.2794311,2,5,5,70.98633295,1,0
7962,135.2842253,1,5,17,66.53306171,4,0
315,135.3477696,3,4,10,73.8710321,2,1
5491,135.395953,3,4,24,70.42809154,2,1
1182,135.4640623,3,4,4,60.32058978,1,1
3636,135.5265302,1,4,9,90.49507253,1,1
1687,135.6191849,1,5,2,71.3291263,1,0
3425,135.6471043,1,4,11,81.88794805,2,1
7328,135.8387913,3,5,13,85.69911785,0,1
888,136.0542195,1,4,11,83.01882022,6,1
9196,136.094442,1,2,24,64.39061532,2,1
7133,136.2019801,2,2,21,73.69802692,1,1
5177,136.2242742,1,3,24,70.98695748,4,1
804,136.2261624,1,2,4,67.08407186,2,1
8183,136.266347,1,5,16,73.54716257,1,1
9363,136.2780342,1,5,24,70.28112216,1,1
9087,136.2792611,1,4,10,64.37232159,3,0
2222,136.2996894,1,5,20,70.3711944,1,1
9237,136.3354885,1,2,18,74.452249,1,1
9882,136.5435401,1,5,4,74.48030737,4,0
9372,136.5639385,1,5,14,63.78155529,0,1
2101,136.5805468,2,4,14,72.54109068,2,0
1104,136.6490573,2,3,16,76.62316424,3,1
8450,136.6807527,3,3,14,74.94156376,3,0
4271,136.714231,1,5,20,91.2237338,2,1
4310,136.9421819,3,5,21,81.18224167,1,1
319,136.9748376,1,4,11,72.06793557,1,1
7140,137.0108846,1,4,24,90.2346551,1,1
2800,137.2905693,3,1,2,78.3140381,3,1
7292,137.296796,2,3,4,81.34227144,3,1
9969,137.430127,1,2,11,79.8224586,3,0
2474,137.8008747,2,5,3,73.3447828,2,1
3434,137.9137374,1,5,1,86.55671879,1,1
3096,137.9431576,2,3,5,55.4379642,2,1
6206,137.9639064,3,3,4,64.31251045,0,1
4316,137.9871025,1,5,12,69.03666214,1,1
1463,138.0779752,3,5,3,71.65019159,0,1
5691,138.1840183,3,5,10,60.24088935,2,0
9272,138.3489563,1,4,12,100.1136887,2,1
4640,138.405117,1,4,16,65.59277326,1,0
6500,138.5362893,1,5,5,75.28122857,2,1
4872,138.5559651,1,4,16,66.50207133,1,0
4501,138.6549651,1,4,11,82.63082996,0,0
7300,138.7439954,1,2,3,74.20968454,3,0
2554,138.7569833,3,5,23,62.18019884,7,1
4414,138.8430943,1,4,20,82.8268387,1,0
8004,138.9757881,1,5,8,70.11063976,4,0
1936,139.0087266,1,5,11,70.76493961,0,1
1376,139.0308353,2,5,16,68.67632327,1,1
3441,139.0414665,1,5,23,54.52730798,5,1
7408,139.1512295,1,3,12,79.55643359,2,0
811,139.2072554,2,5,21,67.41745634,4,0
807,139.2813907,1,4,6,85.05049549,1,0
2019,139.3749616,1,4,5,78.79703803,1,0
8695,139.3831918,1,5,7,77.54765835,0,1
5580,139.4634069,1,5,16,80.49770767,2,0
3436,139.5335071,1,3,18,83.48552075,1,0
4333,139.7111859,1,5,20,70.5603511,5,1
3825,139.7533986,1,5,16,81.45232022,2,1
7534,139.7723242,1,5,17,82.88608492,1,1
5165,139.793959,1,5,18,75.02097411,0,1
5370,139.8537448,1,5,2,77.46500478,1,0
272,139.9319473,3,5,4,84.81949965,4,1
5519,139.9664707,1,5,22,71.32388901,2,1
1207,139.9856071,3,1,8,79.51215722,2,1
4850,139.9966587,1,5,14,50.97783724,2,0
4859,140.0319519,3,5,6,65.47845315,2,1
2231,140.0576118,1,5,6,62.38264459,1,1
8893,140.0585894,1,5,14,79.31878676,2,1
3658,140.0633759,3,4,7,75.15092148,2,1
5381,140.1027766,1,5,16,61.62038726,2,1
2513,140.1938454,1,4,16,65.35094007,3,1
950,140.2214081,1,5,8,98.05752668,1,1
3408,140.2373287,1,4,12,69.36930425,2,1
9408,140.2962388,1,5,9,65.9484937,1,1
8565,140.3487407,1,5,19,94.3093808,1,1
3818,140.4511522,3,5,3,62.75766218,7,1
865,140.4688319,1,5,8,77.09299002,4,0
901,140.5541058,1,2,19,62.66574872,2,1
150,140.7064424,1,4,14,71.43614395,3,1
7373,140.7976853,1,5,14,60.65594106,2,1
3845,140.935223,1,5,7,83.40898154,3,0
7946,140.9919647,1,5,9,74.72055343,2,0
353,140.9981285,1,5,17,75.82832458,5,1
657,141.1950651,2,2,19,77.67796757,0,1
5924,141.2861379,2,1,10,68.88759171,0,1
7665,141.3087248,2,2,4,68.91467857,1,1
8865,141.4312724,1,5,7,78.33915614,3,0
6894,141.5550457,2,5,24,75.45927861,4,1
5075,141.6375744,1,2,5,57.9040962,1,0
3622,141.7762586,3,5,11,75.42200584,3,0
5127,141.8296604,1,3,17,78.13815348,2,1
2209,141.8807551,3,3,5,63.32749775,0,1
831,141.9421958,1,3,2,65.44826776,1,1
8554,141.978165,1,4,1,54.8671128,3,1
2925,142.0065634,1,2,16,65.76917125,2,1
9825,142.0449067,1,5,9,82.95734616,2,1
9609,142.2235492,1,5,3,80.11962694,1,1
1816,142.2932602,2,5,24,75.20859235,5,1
3122,142.3095141,2,5,12,80.18820669,1,1
2954,142.3386697,1,5,16,65.45594478,3,1
7271,142.3551026,1,5,8,89.96890887,4,0
1796,142.36155,2,5,7,75.16956083,1,1
5060,142.3689557,1,4,13,88.84056956,2,1
6493,142.4305501,2,3,21,74.45500543,1,1
1825,142.5163539,1,4,15,88.2366597,0,1
4322,142.557555,3,4,7,70.74447178,1,1
1369,142.6849506,1,5,3,69.49694909,2,0
1170,142.7147997,1,5,23,62.94463946,1,1
8618,142.8412634,1,5,11,61.6119482,1,0
261,142.9719644,1,5,4,68.01802158,2,0
9473,142.973707,1,2,7,85.12671044,2,0
3480,143.0905108,2,4,15,57.55359804,3,1
6399,143.2068152,3,5,12,92.08041457,2,1
9986,143.560008,1,5,1,82.87186722,1,1
7326,143.6315925,1,5,23,85.06299552,0,0
6347,143.7134798,2,3,4,66.61564695,3,1
271,143.8528241,2,4,4,84.71523596,2,1
7192,143.9759374,3,1,12,73.05715866,3,0
3075,144.0176352,2,4,18,66.04941221,3,0
8228,144.1017475,1,2,9,50.45397154,2,0
5954,144.176203,1,2,11,86.2712722,2,1
4385,144.2882771,1,5,14,71.37463956,2,0
2497,144.3574533,1,5,17,66.01262422,1,1
2116,144.3616726,1,5,18,78.43525491,1,0
2090,144.3874588,1,5,12,82.99525316,3,0
2586,144.4504274,2,4,22,87.0340138,2,0
1465,144.5176354,1,2,7,83.38261669,2,0
8366,144.5362514,2,1,19,98.3641681,2,1
5502,144.5405831,1,5,24,80.49075689,3,0
9515,144.7377353,1,4,16,55.82208365,2,0
692,144.7402596,1,5,3,70.24484244,3,1
7277,144.7795734,1,5,16,65.01731518,4,1
3745,144.8385509,3,3,5,63.50373678,2,0
9749,144.9233915,1,4,7,69.45493542,3,0
6978,144.9547941,1,5,18,89.87920835,2,1
2257,144.9822056,2,5,19,73.32223516,3,1
4845,145.0182851,1,4,17,65.38544987,2,1
1301,145.1485659,3,5,11,93.12083251,0,0
8090,145.2658852,3,5,10,76.65262724,1,1
7411,145.2725754,1,5,11,88.07918572,0,1
6011,145.2937774,1,3,17,74.02838911,2,1
3929,145.3290221,2,4,5,77.81611051,2,1
7403,145.4001375,2,5,2,77.52227011,3,0
8627,145.457944,3,3,18,79.55636861,3,1
9349,145.7324741,1,5,11,64.91590364,0,1
9140,146.0424358,2,3,21,85.52010826,1,0
7128,146.1080862,3,3,18,86.03892104,3,1
8900,146.2130263,3,3,7,92.33206246,3,1
126,146.2268144,1,5,7,79.07257344,0,1
1948,146.6995338,1,5,2,64.50581506,0,0
8398,146.7746333,1,5,9,79.23113137,1,1
4397,146.7969826,3,5,19,70.79276676,2,0
6018,146.8682336,1,4,20,77.21835524,2,1
6295,147.0032371,2,4,3,81.41864963,0,1
8930,147.179712,3,3,13,62.04047572,2,0
2816,147.2243935,1,5,15,74.76331283,2,1
5906,147.2742084,3,4,14,73.71276228,2,1
9282,147.3022889,1,3,10,76.57190293,2,0
8946,147.440186,2,3,21,69.44694114,3,0
7145,147.4977668,2,4,24,76.31048852,2,1
5678,147.539291,2,5,12,73.48902225,3,1
2512,147.7425227,1,4,16,69.52285239,0,1
8190,147.8235744,1,4,6,77.78404994,3,0
9815,147.8531055,3,3,14,61.89851124,0,1
1541,147.9669661,1,4,21,79.49888361,2,0
732,147.967765,3,2,5,73.15141827,2,0
1744,148.0368572,1,5,3,65.51925887,3,0
8407,148.0589099,1,5,6,81.68902521,3,0
1743,148.0993528,3,3,17,103.1783493,2,1
2353,148.3955763,1,4,4,72.21442562,0,1
9779,148.4203685,2,3,14,87.22986611,1,1
5907,148.4516089,1,5,23,66.29928559,1,1
5784,148.4679,1,5,19,65.24667967,3,1
8713,148.8033682,1,4,21,85.41451625,1,1
1380,148.8350114,3,5,13,50.33032836,2,1
9617,148.9444296,2,5,7,79.43369468,5,1
8671,148.9980353,1,5,21,66.70541572,1,1
6989,149.169502,1,2,23,77.71466254,1,0
843,149.2807704,3,5,17,76.05477154,3,0
4015,149.4970275,3,1,11,77.41619313,0,1
1652,149.7998261,2,4,9,60.24866338,0,0
6293,149.9564919,2,5,13,76.11920303,1,1
9084,150.0151628,3,2,18,86.39283415,2,0
6677,150.1111356,3,2,1,67.54873096,6,1
4300,150.2830146,1,4,18,61.22070365,2,1
5855,150.3577885,2,4,22,61.11715021,1,1
3195,150.3796906,3,5,19,79.46473394,5,1
3072,150.5843722,1,5,22,67.72031343,1,0
8118,150.610715,1,5,19,79.510884,3,1
3149,150.7401925,2,1,13,70.92199921,2,1
2636,150.7481034,2,4,11,72.4809688,2,1
3476,150.8088623,2,4,5,77.35433866,2,1
8562,150.9559812,1,2,21,79.18290882,1,1
8921,150.9926022,1,2,18,63.8351639,3,1
9195,151.193571,1,5,21,95.97133613,0,1
5853,151.2270293,1,5,18,64.81850099,1,1
3555,151.2874909,3,1,12,61.20887996,1,1
2088,151.4552247,2,5,24,94.58471645,1,1
7796,151.4746993,3,4,6,73.08574878,1,1
1503,151.5077327,1,5,7,74.58563043,3,0
8527,151.6391992,1,5,18,71.20917929,1,0
2163,151.7539736,1,3,11,68.63369388,1,0
5923,151.8338013,1,5,9,86.82366769,0,0
4415,152.1234386,1,5,5,84.05429429,1,1
5400,152.1585147,3,3,12,72.44655822,3,1
5238,152.1664464,2,5,11,79.04500357,2,0
9707,152.1756686,2,4,8,74.97609158,4,0
4614,152.2292678,2,5,22,64.10787324,2,0
2973,152.2542468,1,5,2,82.36687752,2,1
1371,152.5486977,1,3,2,78.50716033,2,0
3580,152.5918157,2,5,2,74.91161309,1,0
482,152.5942813,1,5,11,63.13251191,3,0
6900,152.6529443,1,2,14,69.75030288,3,1
790,152.7134222,2,1,13,79.32622236,0,1
735,152.8109229,1,5,4,72.19984178,3,0
4156,152.9486029,2,5,3,71.0581765,2,1
6618,153.2572305,1,5,20,75.1127494,0,0
4200,153.276579,3,5,4,96.17398912,2,0
1909,153.5184276,1,5,17,77.51239257,1,0
9729,153.5406149,3,2,16,69.39521885,1,0
3899,153.5465797,1,5,7,87.41020878,1,0
2848,153.7030809,1,5,15,89.68616526,1,0
5040,153.7102723,1,5,10,80.89411179,4,1
6232,153.8322944,1,4,8,70.18898297,3,0
782,153.8323584,3,1,16,66.6908852,4,1
7071,154.0269229,2,4,7,71.43051007,3,1
1600,154.1397861,1,2,7,84.83645587,4,1
975,154.348062,1,5,23,96.88800607,4,1
5655,154.3523686,2,2,23,84.18469353,3,0
2314,154.4569924,1,5,21,64.71919196,4,0
8344,154.5324792,1,4,20,91.70896128,1,1
1614,154.5921956,2,5,22,73.38679056,2,1
6998,154.6292772,1,2,3,79.65184361,3,0
9743,154.643211,2,2,15,89.3129349,2,1
2268,154.7193195,2,1,9,89.28152517,4,0
4115,154.7834848,2,5,7,65.53617028,2,1
9868,154.82596,1,4,5,67.64832855,1,1
6750,154.9371271,1,5,17,74.19337608,2,1
8217,154.9529471,2,2,7,69.95222901,3,1
9326,154.9580449,2,5,13,68.80793468,7,1
7039,155.0347693,1,5,18,85.78571987,2,0
6897,155.1447303,3,1,19,57.8510414,0,1
7253,155.1646418,3,5,8,75.87256035,1,1
3172,155.1697656,2,3,9,74.54273144,0,1
2043,155.2464662,1,2,9,74.65529376,2,1
7610,155.3634523,3,3,17,80.54442645,1,1
7998,155.3937132,2,5,2,68.21052089,0,0
1106,155.4503895,1,5,11,86.69129494,3,0
3571,155.493917,1,2,10,74.88819703,1,0
6640,155.6248485,1,5,23,74.65767091,0,1
4694,155.8737186,3,5,9,72.36866246,4,1
8697,156.0422745,2,1,21,84.86481641,2,0
1868,156.0605905,1,5,4,58.98693253,0,0
3663,156.2716643,1,5,2,69.25890856,3,0
895,156.3533806,2,3,19,59.83143256,0,1
922,156.4607973,1,5,17,75.85860641,1,1
4065,156.7504957,1,4,16,78.57010892,3,0
4581,156.7579845,1,5,14,67.25022776,5,1
9863,156.8087731,1,4,15,70.41352937,1,0
9572,157.1658271,2,3,2,96.43972949,3,1
9098,157.3603575,1,5,19,88.87353232,3,0
279,157.4558279,1,2,15,74.91889325,0,1
9860,157.4765719,1,5,9,85.44789244,5,1
6174,157.5541041,1,5,14,66.14167756,1,1
7159,157.9349172,1,5,7,77.47615525,1,1
1446,157.9443299,2,4,13,83.37113301,3,1
2874,158.2278109,2,4,16,77.27703689,1,1
5180,158.2576542,1,3,22,70.16181925,2,1
7781,158.2576684,2,1,9,64.27872667,2,0
9280,158.4706415,2,5,24,61.77559298,3,1
541,158.4785446,3,1,15,67.5212131,0,1
6066,158.6421534,1,4,10,84.08683283,5,0
8121,158.7808961,3,3,8,67.43431254,3,1
6830,158.8222474,1,4,13,85.11840601,2,1
4047,158.8249099,1,5,5,84.16707557,0,1
6984,158.9418636,1,5,17,77.24091186,2,0
4091,159.1304738,1,4,3,75.2735758,2,0
6404,159.1444512,1,4,23,75.4686879,1,1
1093,159.3164876,3,2,1,73.38765338,4,0
2824,159.3180569,1,5,6,78.75473131,3,1
337,159.3900881,1,4,18,64.76306091,7,1
8993,159.3962044,2,1,20,64.44290831,2,1
6853,159.7610353,2,4,12,54.05781481,3,1
6298,159.7750739,1,2,19,75.38738177,2,0
9582,159.817338,1,5,10,68.31676367,3,0
9290,159.852732,1,4,2,69.74054799,2,0
9628,160.0493077,1,5,14,78.8255885,2,1
175,160.0996091,1,3,3,76.40412591,2,0
8202,160.1296835,1,5,16,86.08776596,3,1
7252,160.2086247,1,3,5,69.84761697,0,0
1031,160.3507874,3,3,1,68.81501987,2,0
8903,160.5198287,1,4,6,78.02177084,2,0
580,160.5710929,1,4,19,70.79560963,4,1
9987,160.5905362,2,5,14,76.86183593,2,0
9077,160.8107199,1,3,14,55.87802469,1,0
2609,160.8258694,3,1,22,83.51631772,4,1
347,160.9549807,2,5,7,76.21235919,3,0
4998,160.9565508,1,5,18,61.35100868,0,1
1625,161.0667619,2,3,22,62.41688618,1,1
20,161.1248399,1,5,22,60.00725577,1,0
658,161.2938018,1,4,3,94.04837138,2,1
8360,161.645223,1,3,24,69.81009654,1,0
1925,161.9260031,2,3,17,75.88753281,0,0
7726,162.0461623,1,5,9,71.22154909,1,1
2657,162.3799956,1,2,14,74.9978212,0,1
8544,162.3848048,2,4,21,80.41764528,2,0
3386,162.4122011,3,3,2,74.71264246,3,1
6933,162.4644251,1,5,6,82.10005107,3,1
4393,162.4934973,3,3,7,72.23485228,1,1
9038,162.4967155,1,4,8,45.96262686,1,0
6906,162.5744851,2,5,20,67.71641956,2,0
3809,162.7227789,3,3,10,87.86472288,2,1
1071,162.8382209,1,4,14,74.69582137,1,1
7352,162.8620367,3,3,9,68.02465741,1,0
9379,162.878785,2,5,14,76.76392703,0,1
7565,162.9425805,1,5,21,77.28135033,2,1
6557,162.9985689,2,4,3,82.40929517,0,1
4418,163.014326,1,5,3,78.83894444,3,1
9080,163.0801035,2,5,6,66.6354049,1,1
7926,163.1033222,2,3,9,93.55141215,1,1
9697,163.2204091,1,5,19,88.40826863,2,0
4013,163.3020003,1,2,15,73.89082325,3,1
6838,163.3066061,1,5,22,75.99239795,4,1
4704,163.3465056,2,3,12,74.13675303,4,0
2279,163.4774916,1,4,17,64.8450566,2,0
1009,163.4999896,2,3,18,88.55655539,2,0
4884,163.5194284,1,5,4,74.33230234,3,1
4372,163.6005151,1,5,7,83.1861471,5,0
4525,163.7595711,2,4,13,88.06276479,0,0
9398,163.9447845,3,5,18,66.4298559,0,0
2450,164.0710332,1,5,2,85.74506941,5,0
4197,164.1238699,2,4,2,67.51413606,3,0
9908,164.2296207,1,4,4,82.59870958,0,1
7872,164.2882405,2,4,9,77.32415806,0,1
3193,164.5221581,2,5,5,66.4011664,2,1
5147,164.9111863,2,4,23,76.30158705,1,1
4514,164.9717964,1,5,22,69.30311435,1,1
1898,165.021883,1,5,24,63.73692529,3,1
6089,165.1276148,1,3,24,52.13443969,4,1
7372,165.1317638,1,5,8,77.53879616,3,1
8806,165.1643473,1,2,3,76.73164182,2,1
2331,165.4127357,1,5,21,71.97560563,1,1
2178,165.4207958,1,4,6,73.15443786,1,1
1341,166.236975,1,4,7,67.12570019,3,0
4563,166.3691095,2,4,23,76.17992575,4,1
318,166.422981,2,4,2,80.33966924,0,0
8061,166.4691241,3,5,24,81.91699294,1,1
2230,166.4901067,2,5,3,81.60372933,4,0
5409,166.5483192,2,5,7,68.9138712,2,1
6799,166.683229,2,5,16,57.84436118,2,1
6427,166.687395,2,5,5,65.66145656,2,1
7595,166.8164647,1,5,14,76.57829621,3,0
1070,166.955526,1,5,5,65.91161852,3,1
3231,167.0915912,1,5,24,80.0602133,0,1
6037,167.1443673,2,5,17,90.2395457,0,1
9727,167.1482394,1,3,3,100.8535221,1,1
4763,167.4206581,1,5,23,82.68662361,2,1
7818,167.4864823,2,5,4,68.3067398,1,1
8603,167.5412746,3,4,1,77.19076728,1,1
1315,167.7096038,1,4,12,99.0322218,1,0
8766,168.0142846,2,5,23,75.50263059,1,1
8683,168.2922559,1,5,4,82.00207342,2,1
2380,168.4343845,1,4,19,82.1229404,1,0
4944,168.8668058,1,5,19,68.5331922,3,1
1834,168.9561428,1,4,6,70.93301379,1,1
7137,169.026845,1,5,10,81.89665029,0,1
3105,169.0940117,1,5,20,78.12257601,0,1
5517,169.1528878,1,4,4,74.92752266,3,0
4963,169.2104432,1,3,20,62.48948017,4,1
789,169.3013506,3,5,6,74.94018378,5,1
4994,169.3845268,1,4,24,81.18272554,0,1
4556,169.8235496,1,3,1,65.66516687,2,1
8906,169.8542633,1,3,9,82.08238099,1,1
6457,169.8691393,3,5,8,70.83737173,3,1
1024,169.8693218,1,5,5,75.82980507,2,1
6390,169.9968727,2,5,17,88.2182777,2,1
8614,170.4237058,1,5,22,80.46369378,2,1
7555,170.486716,1,3,22,69.85953912,4,0
5888,170.5084746,1,4,10,87.41685637,2,1
9893,170.5677331,1,4,13,81.7612133,3,1
6481,170.6962624,1,5,17,83.51973392,3,1
9232,170.7793857,1,3,5,67.20303977,2,1
3349,171.0110463,2,5,22,75.39052223,1,0
8280,171.0513135,1,5,1,57.99306111,2,1
4749,171.0676001,1,5,23,79.58077667,2,1
9547,171.1996659,1,3,7,77.14291584,3,1
4639,171.2789452,3,4,15,69.43032443,1,0
3938,171.2937058,1,5,18,66.1630941,1,1
149,171.6845106,1,2,23,75.06140753,3,1
2111,171.7165574,1,4,20,83.34334675,2,1
4943,172.311363,1,5,6,64.69976508,1,1
6230,172.3454708,1,3,18,82.0249266,3,1
8091,172.4090176,1,5,21,91.8267131,4,1
6865,172.4218751,1,4,2,53.29130234,1,1
9356,172.4611162,2,5,8,83.67007645,0,1
5607,172.6924757,3,4,13,88.49180491,1,1
704,173.0188983,1,4,22,79.55987458,1,1
34,173.1534714,2,4,22,73.40419204,1,1
8919,173.1798613,3,5,6,55.52120454,1,1
2267,173.3253207,2,2,15,67.45674118,1,1
6805,173.4276717,1,5,17,73.72999384,5,0
7550,173.4334187,3,5,22,64.42301107,0,1
372,173.5173665,1,5,14,65.51287073,1,1
7398,173.5204501,2,5,4,78.94347193,2,1
6587,173.6283729,1,5,1,74.84782363,0,1
652,173.6374084,1,5,24,74.86702127,5,1
9043,173.6389279,3,3,12,82.90931457,2,1
1422,173.8331841,1,5,4,69.08661228,4,1
2837,173.950047,1,5,12,82.42610917,1,1
7956,174.1712955,1,4,24,78.98545371,4,1
1448,174.3270122,3,5,7,69.81103051,1,0
425,174.3300899,1,5,8,65.09975694,3,1
6321,174.4964118,1,4,20,57.94996122,2,1
5592,174.56272,3,4,18,69.97232723,4,0
9143,174.6929518,3,5,4,76.28997392,0,1
3252,174.916047,1,5,3,75.83775671,5,1
7349,174.9255258,1,5,1,57.93350493,0,1
992,174.9599304,1,4,19,72.85049379,3,1
5663,175.1435134,1,5,24,47.28070585,0,1
2096,175.3775338,1,5,8,76.07279225,2,1
6532,175.4286472,1,5,2,68.91323254,2,1
776,175.552387,1,5,18,77.30856391,4,1
5731,175.5641083,1,5,15,66.53944726,3,1
9449,176.0388534,1,4,4,67.02473353,2,1
3873,176.0842766,1,2,19,75.03789447,5,0
6261,176.1248249,1,4,10,79.95234631,0,1
6041,176.1970832,1,5,13,67.42854718,3,1
4674,176.2186159,2,4,16,79.24653643,2,1
3054,176.2476134,1,5,17,61.8975537,4,1
12,176.3047795,3,5,16,69.10085004,2,1
1555,176.309293,1,5,3,45.54156675,2,1
748,176.5033735,2,4,17,95.53843575,0,1
5815,176.8540463,1,5,23,66.87395848,3,1
7941,176.9660124,2,4,18,78.32214288,3,1
3369,177.1432264,1,4,8,79.2442299,1,1
7730,177.155276,1,5,15,64.24985023,2,1
2100,177.2453838,1,5,5,67.33299325,3,1
9440,177.2577307,1,3,4,76.53729105,3,1
8242,177.3514552,2,1,11,75.25693859,4,0
834,177.3797497,2,1,18,82.85895111,2,1
8569,177.7244265,2,5,23,62.66551315,1,1
9299,177.7822264,1,5,5,84.96729516,3,1
9694,177.8238918,1,5,17,71.93816161,2,1
7752,177.8245644,2,4,12,70.05830701,2,1
9830,178.042378,2,5,2,80.82848445,3,1
7031,178.6934413,1,5,18,69.88267743,0,1
324,178.9752722,1,3,13,90.0112882,3,1
9117,179.0752248,1,5,15,81.74626005,1,1
364,179.1760601,1,3,8,64.58515883,0,0
8768,179.4053836,3,5,16,84.38648777,3,1
1213,179.6336462,2,5,5,63.6874803,2,1
9403,179.8959124,3,2,9,70.45636541,2,1
8054,179.988331,1,5,22,76.09661648,2,1
362,180.0229183,1,5,4,61.77488393,0,1
931,180.045674,3,4,12,77.79456142,1,1
8660,180.1851797,3,5,5,52.94110674,5,1
9881,180.2308291,2,2,3,74.71714319,3,1
1137,180.2542001,1,4,2,67.67810374,1,1
119,180.2678732,2,5,5,95.4705546,4,1
4412,180.2792756,2,4,8,77.95163787,2,1
2344,180.2849936,2,4,8,65.68111194,0,1
6699,180.2890286,2,5,4,80.08850045,1,1
3242,180.6132318,1,5,21,82.13478269,0,1
2223,180.7104819,1,5,12,76.57031516,1,1
1799,180.7956976,3,3,4,85.67378904,0,1
5122,180.985203,2,4,1,98.69375549,1,1
4673,181.1210566,2,3,17,65.82992483,4,1
3876,181.6631119,1,4,23,74.64728678,2,1
5957,181.7965366,1,5,13,89.36591631,2,1
2849,181.9944954,1,5,14,79.47676803,0,1
9335,182.0242564,3,3,11,72.58105596,3,1
9760,182.0342412,1,5,18,71.25796117,2,1
4877,182.5387419,1,5,20,72.64141744,2,1
4440,182.5571665,1,2,12,94.39363089,3,1
1368,182.7154362,1,5,11,69.56965661,2,1
990,182.8885328,1,5,8,76.43411014,2,1
6213,182.9270292,1,5,1,77.7603758,4,1
8718,183.0133848,1,4,8,73.17786037,0,1
8421,183.2013054,1,5,1,75.20736631,3,1
55,183.4709159,2,5,24,42.87024809,1,1
1429,183.6771793,3,5,19,70.53727419,1,1
2048,183.7452863,1,5,3,83.50821744,1,1
68,183.9429297,1,3,6,67.10065505,5,1
7193,183.9672968,2,5,23,65.73693107,4,1
9345,184.1621567,1,4,9,84.06032315,4,1
4882,184.4778733,2,3,7,69.21145179,0,1
8717,184.5556461,2,5,18,90.64177494,2,1
9922,184.5977549,1,4,2,68.72171612,3,1
2468,184.7355696,2,3,24,77.76322632,1,1
6344,184.8717604,2,5,6,82.58748354,3,1
4413,184.8861132,1,5,20,56.44603586,3,1
7775,184.9869006,3,5,1,63.51374591,3,1
7353,185.110547,2,3,14,81.35087927,5,1
6216,185.6235807,1,4,12,83.32725035,2,1
129,185.6602259,1,2,10,81.17458434,1,1
1561,185.9015676,1,5,12,86.5875226,0,1
6641,186.3792095,2,2,16,86.51639874,1,1
4865,186.5630312,2,1,21,82.00914555,4,1
9708,186.7468745,1,5,24,77.67456852,2,1
8131,186.7836351,1,5,13,74.2614423,1,1
8224,187.3889141,1,3,6,77.48034317,2,1
7462,187.6309173,2,3,1,80.42031917,1,1
3255,187.7908062,2,5,6,56.73872454,0,1
2709,187.7950092,1,5,6,76.84815607,2,1
2054,187.8922812,2,3,2,75.80606065,3,1
2884,187.9530045,1,5,8,79.52812161,0,1
7144,188.0367756,2,3,18,75.21171403,2,1
3490,188.0477361,1,4,7,72.95737099,2,1
960,188.4990858,1,4,5,76.11091897,5,1
3805,188.7785323,1,5,15,65.61745238,4,1
2861,188.8655971,1,5,21,80.32795861,2,1
6566,188.9902735,3,4,5,72.98270673,2,1
7219,189.0799856,1,2,14,68.25751079,4,1
6297,189.4453965,1,5,22,78.49348717,3,1
1711,189.4527343,2,3,24,74.51834652,2,1
7173,189.4544668,1,2,24,73.67927971,1,1
2907,189.6172909,1,5,5,71.45382281,2,1
1161,189.9202587,2,3,23,78.84072129,4,1
9101,190.0544521,3,4,7,70.36048415,0,1
6526,190.0687297,1,5,5,84.19729962,1,1
5618,190.1922793,1,5,1,74.96863065,0,1
7180,190.2584688,1,2,5,76.50778123,3,1
4557,190.4893951,1,5,2,87.77642677,4,1
1193,190.9673961,3,5,15,79.58676757,3,1
8251,191.2024447,1,4,7,77.36561942,3,1
3062,191.2299465,3,5,9,63.32818227,1,1
662,191.6504185,3,5,3,73.78476935,3,1
256,192.8031189,2,4,19,92.25553328,0,1
2283,192.8061073,1,5,17,67.57740287,2,1
8073,192.8084314,1,5,23,73.50030066,3,1
6696,192.9065107,1,5,21,70.17043223,2,1
9803,193.0029267,1,5,17,61.58229118,4,1
934,193.031651,1,5,13,79.50367097,3,1
6442,193.0728747,1,5,17,64.77734296,2,1
1036,193.3638635,3,3,15,76.38337169,1,1
3058,193.7350024,1,4,12,68.82914628,2,1
1227,193.7457561,1,5,5,69.07609568,1,1
2630,193.9755063,2,5,21,72.63621283,0,1
7886,193.9863228,3,4,16,83.06529536,0,1
3128,194.3759337,1,5,9,64.44832245,1,1
6544,194.4309622,2,3,5,79.04498263,3,1
3983,194.7833869,1,5,17,80.37000673,3,1
8067,194.9460161,3,3,2,54.31545555,0,1
4805,195.2392679,1,2,3,90.85965933,0,1
606,195.2920351,1,4,24,64.94847077,1,1
1165,195.4606233,2,3,9,81.97813301,1,1
5787,195.5078638,1,5,22,72.452698,2,1
303,195.5373076,1,5,9,67.70715278,4,1
3055,196.0198291,1,3,13,73.95191088,1,1
8161,196.2091598,2,4,3,82.31371091,1,1
2232,196.3999966,1,4,6,77.64747147,3,1
4996,196.4504226,2,3,8,87.17087198,2,1
3521,196.5022665,2,2,7,81.15431393,1,1
8679,196.6641559,2,3,19,63.04377413,2,1
9938,197.0187151,1,3,14,68.03661137,4,1
1621,197.4679835,1,5,17,64.93684064,2,1
8378,197.5786053,1,5,4,78.8458951,4,1
548,197.6833801,1,5,3,61.8951265,4,1
4925,197.7556169,1,5,6,83.44663859,2,1
5720,197.8620044,1,5,16,84.50653778,1,1
3066,198.0687179,1,2,19,71.27475778,3,1
179,198.4676088,3,5,22,69.7315055,2,1
4016,198.5506354,1,5,21,76.21238444,2,1
970,198.8244818,1,5,1,60.74374971,2,1
2305,198.9864572,2,4,20,82.07747483,2,1
1685,198.9879662,2,3,23,92.74896048,2,1
6846,199.2196919,1,2,18,87.38142196,6,1
9833,199.5027459,1,2,16,75.04670273,1,1
4424,199.5584934,1,5,23,93.96158597,1,1
3156,199.7045078,3,3,1,73.51416272,3,1
9604,199.798125,1,5,5,68.22296422,4,1
792,199.8490337,1,2,21,69.57170091,1,1
3412,199.8721301,1,3,11,47.74934789,3,1
257,200.0725988,1,5,2,62.21478812,3,1
5037,200.1211967,1,5,23,72.35498049,2,1
644,200.1588505,3,3,17,77.30892114,2,1
8875,200.2037928,1,5,18,74.58957981,3,1
3022,200.2515873,1,5,1,79.01259259,1,1
9214,200.2979229,2,5,15,81.42015996,0,1
8609,200.3234963,2,3,16,82.42309989,2,1
7504,200.609211,3,3,5,79.27655048,1,1
5465,200.6601175,2,3,18,55.45902361,2,1
6327,200.9466991,1,4,22,66.84280063,2,1
2240,201.0561113,1,5,11,50.69197705,1,1
7942,201.0676661,1,5,13,69.15195029,4,1
6546,201.2328253,1,5,11,64.38348814,4,1
1542,201.3941747,1,3,23,67.2512132,2,1
8465,201.3983693,1,4,14,74.72487448,2,1
7743,201.5372824,1,4,23,73.1806507,1,1
4216,201.563697,2,5,1,74.9653969,3,1
2755,202.1001487,1,5,3,87.76700146,1,1
623,202.2601984,1,5,12,74.70659184,2,1
1476,202.5755996,1,2,10,84.00106659,3,1
4406,203.2199062,1,5,7,61.00487548,0,1
2978,203.2851892,2,3,10,63.88291617,2,1
8553,203.2866976,3,5,15,75.55566543,2,1
3227,203.4536401,1,4,11,67.41666358,1,1
4420,203.4935463,2,3,1,69.6165256,0,1
3266,203.5193926,2,2,21,68.34276958,3,1
1152,203.818547,1,5,9,70.29176887,2,1
1342,203.9657105,2,4,17,75.644968,3,1
4707,204.1805815,1,5,8,61.56778669,1,1
2619,204.9862852,1,5,15,82.53888771,3,1
403,205.2249867,1,5,5,71.03327664,3,1
8819,205.521008,1,5,17,74.45829439,0,1
514,205.6027519,1,3,11,83.68339137,1,1
2706,205.7401254,1,5,19,59.63471299,3,1
9285,205.7417691,1,5,2,74.33019645,0,1
1658,205.7732387,2,5,22,70.93902782,4,1
9538,206.0142909,1,5,19,82.84151604,2,1
7652,206.316342,1,3,10,74.60223269,1,1
2415,206.3611955,1,5,10,72.9073355,2,1
6589,206.5871961,1,3,1,78.84101636,3,1
9573,206.7087112,1,5,24,81.19214161,0,1
4235,206.7206274,1,5,24,75.30148645,2,1
9462,206.7728881,1,5,4,69.36737127,1,1
1239,207.3754137,1,5,11,63.71912574,1,1
8310,208.1103755,2,5,1,85.08513337,1,1
9400,208.1531678,1,5,7,87.52135684,1,1
298,208.4741505,1,5,20,86.71590373,2,1
8674,208.5232936,2,4,9,71.49748892,3,1
6005,208.6654843,1,5,14,75.32248836,2,1
6250,208.6980632,3,3,2,75.39511377,1,1
758,208.8802922,1,5,2,75.86395986,6,1
6284,209.7228454,1,5,11,76.55478048,2,1
325,209.8490437,1,4,8,75.6314169,1,1
3008,209.9959476,1,5,6,77.92032459,3,1
4167,210.0803137,1,5,19,59.97857229,2,1
2410,210.2890736,2,1,12,57.09859358,5,1
6958,210.5220494,1,5,22,86.90712066,0,1
43,210.6264731,1,3,19,72.23678439,0,1
7836,210.9113449,2,3,8,85.70879446,3,1
4895,211.2826746,2,3,1,80.14379374,0,1
8162,211.6168254,3,5,12,81.55999349,1,1
9404,211.6219587,1,5,14,82.67994265,3,1
384,212.1429205,3,4,2,93.52042104,1,1
2959,212.3116986,1,5,16,78.57864687,2,1
8395,212.6454489,3,5,1,66.90050902,2,1
9064,212.7920255,2,5,2,64.70959874,6,1
8797,212.898042,1,5,4,70.01747037,2,1
4680,212.9108269,2,5,7,80.06977663,3,1
9085,213.2320126,2,3,17,62.8163543,1,1
5227,213.4875146,2,3,3,59.58535653,2,1
9741,213.5418323,3,3,21,84.76830163,1,1
2566,213.8454946,2,5,8,80.35966877,1,1
5513,213.9493665,3,5,4,61.96003451,2,1
1065,214.1859733,1,5,3,84.86503229,2,1
5965,214.3285741,2,3,21,71.94406344,2,1
6725,214.5723269,2,4,12,56.89487321,1,1
8113,214.675995,1,4,1,94.40018902,1,1
3438,215.1624022,1,5,19,70.11014588,2,1
6349,215.571856,2,3,20,76.99414045,1,1
2214,215.5779477,2,3,24,78.38246219,4,1
4844,215.7771401,1,5,10,77.89872225,2,1
8581,215.8789298,1,2,7,83.64383443,5,1
4706,216.2590611,2,5,15,86.76698884,3,1
7196,216.3677186,1,5,12,83.61617129,3,1
2587,216.3714644,1,5,9,70.06971831,3,1
3115,216.7498394,1,5,3,43.41086054,2,1
977,217.0657599,1,4,6,62.62867016,3,1
4526,217.1373515,1,5,6,75.52966958,2,1
2207,217.2693306,1,4,19,95.81584448,1,1
2375,217.3488592,1,4,4,77.46859895,2,1
6443,217.9038812,1,3,20,94.56216488,1,1
9623,217.9624631,1,4,3,75.3686963,1,1
6181,217.9862416,1,4,9,90.26680983,0,1
763,218.7537932,1,5,19,90.6790711,1,1
6536,218.8000326,2,5,17,85.34622652,4,1
4311,218.8338333,2,4,22,71.07939662,1,1
4538,219.4219499,2,3,6,71.1314093,2,1
3823,219.4273272,2,4,1,72.53393341,0,1
8886,220.3435188,1,5,9,80.33747939,3,1
9978,220.6922104,2,5,3,64.39415295,2,1
8889,221.0792922,1,5,7,78.38708331,6,1
2664,221.8472992,1,4,11,72.83324409,3,1
8037,222.1383288,1,4,24,65.940625,1,1
4116,222.2915509,2,5,17,71.42608308,2,1
7231,222.5947792,2,5,4,79.09025678,0,1
6264,223.1113207,1,4,23,54.37826575,6,1
2827,223.2326356,1,4,1,74.08598148,2,1
7919,223.2914577,2,3,5,68.0670552,1,1
6827,223.3014845,1,4,6,72.10078728,2,1
4559,224.1466058,1,5,8,84.05626563,2,1
502,224.1765232,1,4,18,67.98012375,3,1
9454,224.4730733,1,5,10,64.82031459,2,1
9225,224.5443916,1,5,15,77.50594446,0,1
4002,224.9113992,1,5,14,63.27890492,0,1
7204,225.18678,2,2,17,88.32752568,1,1
6787,225.6893674,2,5,11,92.36939275,5,1
2758,225.9404303,1,5,19,74.09606726,5,1
4272,226.1387194,1,5,11,69.83755741,0,1
9242,226.3975591,1,5,10,67.88895921,2,1
1955,227.1546676,3,3,4,67.40103685,3,1
5480,228.1885261,1,4,21,88.4663745,2,1
2356,228.3977498,2,4,10,64.84169874,1,1
2933,228.7713428,3,5,2,82.69936294,5,1
5232,229.1138105,2,5,19,76.60104433,4,1
5706,229.160376,1,5,15,64.01191849,0,1
1618,229.4167339,2,5,6,75.22857183,2,1
8032,229.5645133,2,5,22,55.45011626,1,1
6242,229.7338216,2,5,6,75.08371214,3,1
2687,229.9358043,1,5,19,90.14896727,2,1
5705,230.2081765,3,1,23,68.9376055,2,1
961,230.2081779,3,1,20,76.7125337,2,1
221,230.37451,3,3,1,72.02590975,2,1
2831,230.3968592,1,5,3,84.57107546,1,1
4522,230.3997224,1,5,19,74.57706539,3,1
9947,230.4299089,2,3,15,87.0030765,1,1
9184,230.7761905,1,5,12,72.50724844,3,1
1467,231.3046177,1,5,18,77.00785743,1,1
265,232.1052058,2,1,23,55.19436674,5,1
4531,234.3788915,3,5,24,71.83124727,1,1
5052,234.9739522,2,5,15,55.0993527,3,1
6887,235.1998091,1,4,9,62.63707644,7,1
2946,235.801377,2,3,4,82.13862413,2,1
2545,236.0088131,1,5,16,69.32950925,3,1
5946,236.3161662,1,5,14,81.23003964,3,1
1113,236.6920073,1,4,5,84.94324838,1,1
5249,237.3832026,1,4,22,92.26007586,1,1
7875,237.3944445,1,4,6,69.96065774,0,1
310,237.6197346,1,2,15,75.8245801,2,1
6478,238.4500397,3,5,13,71.59304914,2,1
1051,238.5354168,1,5,7,68.62613186,2,1
9017,239.0847567,2,5,20,72.72646633,2,1
6539,240.05542,3,4,16,79.34804742,0,1
4194,241.0691786,1,4,22,63.44769765,2,1
7022,241.3490767,2,3,5,87.37752752,3,1
5437,241.8479973,3,5,10,69.70463881,0,1
8824,243.0512775,1,5,13,83.19594208,2,1
5983,243.1999275,1,5,7,77.60293932,2,1
8593,243.3307796,1,2,7,88.94143314,1,1
8928,243.7286375,1,4,20,72.37456309,1,1
2298,243.9945148,1,5,14,82.29369944,3,1
5183,244.4012868,1,5,5,59.766506,1,1
8060,245.1197272,2,2,12,77.14200969,2,1
3991,246.0087438,3,5,13,76.60713687,2,1
219,246.9001947,1,4,20,55.35604866,5,1
9952,247.5863612,2,5,19,70.80786868,1,1
6872,248.3942097,2,5,17,76.64068064,1,1
5421,248.9545143,1,5,1,76.81187089,2,1
3030,249.1260566,3,5,2,69.30856629,2,1
3569,249.9616598,1,5,18,91.30283112,3,1
924,249.9767191,1,3,1,70.96534589,1,1
433,251.0090798,2,4,1,72.84451384,3,1
841,251.2438456,2,4,10,89.70602638,1,1
5170,252.1203791,2,4,13,83.67342032,3,1
8238,252.4694613,1,5,24,51.94149963,3,1
8463,252.5196838,1,5,14,77.98936676,5,1
4456,253.0266147,1,5,14,74.12953326,5,1
4405,253.2001652,2,5,21,71.33639458,3,1
3104,253.7424674,1,5,19,80.62954764,0,1
6218,253.9760601,1,2,7,71.44623608,3,1
5974,254.7511534,1,5,8,72.0631569,1,1
2310,254.8503146,3,5,17,73.16893753,2,1
9029,255.5987192,1,5,15,96.25814757,2,1
9185,255.8021259,1,5,13,75.69455745,2,1
5125,256.002643,2,2,24,78.45375224,1,1
5267,256.2632507,1,5,17,77.25775914,1,1
9240,258.1343457,2,5,2,84.39277954,3,1
5677,258.5525413,1,4,24,74.05012885,1,1
3727,259.0613677,1,5,19,79.49496303,1,1
7007,260.3300276,3,5,24,77.4061624,8,1
9951,262.1260935,1,5,8,70.67794309,1,1
6646,263.4483934,1,5,4,67.63042344,3,1
8668,264.4385699,2,5,4,71.06017105,6,1
7891,265.5524968,1,3,5,78.20875433,2,1
7265,267.3865754,1,4,15,67.5348324,0,1
6485,270.0700472,1,2,5,74.73359461,2,1
4081,270.5169822,3,2,13,72.57083429,2,1
2115,270.591425,1,4,22,89.52341273,3,1
6823,271.3725646,1,5,6,77.97822584,3,1
9365,271.8851328,3,5,13,72.81936189,3,1
407,271.9051929,1,5,9,71.11021481,2,1
3268,272.4580721,2,3,14,79.33756511,2,1
4438,272.5956689,1,4,19,69.37837238,2,1
7989,274.1785196,1,3,11,84.66652871,5,1
190,274.4241836,1,5,8,79.1655668,3,1
5559,274.5118029,2,5,21,68.52448217,1,1
3151,274.9731878,3,4,3,87.62146806,1,1
3550,275.9271311,1,5,21,67.50592162,1,1
7245,276.3804202,2,3,9,70.88678859,0,1
923,277.460151,1,5,10,63.02173596,2,1
1260,278.9252465,1,4,9,82.28784315,1,1
8753,278.9471959,1,4,21,90.5521969,2,1
27,280.5523674,1,4,17,80.82695848,0,1
355,280.5915769,1,2,1,42.43085788,3,1
7061,284.0491637,1,5,13,69.07680138,2,1
3033,284.2150096,1,5,24,74.81170415,3,1
2836,284.9199312,1,5,7,76.41509196,3,1
5925,285.494935,3,1,23,59.59584751,2,1
5829,285.5919177,3,3,3,67.11901792,0,1
2266,285.7287056,1,5,7,96.52728692,1,1
277,285.829014,2,3,16,80.11308083,3,1
6289,288.4822522,1,5,17,76.92921927,3,1
978,288.7587772,1,5,14,51.24934881,3,1
7267,289.1423884,1,5,10,77.57599109,1,1
5276,293.7310182,1,4,7,85.91599678,2,1
4010,294.6810923,1,5,2,61.09127687,2,1
2947,295.3319967,1,5,12,91.76284771,0,1
5279,296.6725865,1,5,9,93.33069839,3,1
4249,296.7118758,1,5,10,76.02977178,1,1
9535,296.9292898,2,3,3,75.51933906,1,1
9245,298.6835661,1,5,19,69.16138479,2,1
1553,301.3050903,1,5,18,71.79989006,3,1
5945,301.6830048,1,4,7,75.73070479,2,1
7703,306.1623367,1,5,24,73.54769606,2,1
2316,307.4979909,1,5,15,84.83967027,1,1
6004,308.4115828,2,2,20,80.28322898,3,1
6369,308.939811,1,5,22,75.66472173,0,1
2882,308.9627454,2,5,24,80.2481367,0,1
7576,309.1800943,1,4,17,78.41730955,3,1
820,312.5584457,3,5,7,66.87287737,2,1
2565,315.3757921,2,5,1,91.60425716,1,1
6521,316.6270063,3,5,15,80.36688986,1,1
5718,318.7227029,1,5,18,75.60958711,1,1
5301,320.3607936,1,5,14,69.5322966,3,1
2465,320.7340824,1,5,4,74.98552004,3,1
3146,322.5213826,1,5,13,62.92446806,0,1
7342,322.5431275,1,5,1,53.96755504,3,1
5998,325.4547097,1,5,9,78.46536759,3,1
2921,330.6390296,1,4,7,69.68257384,1,1
3870,332.7680164,1,5,24,79.53360055,1,1
6733,336.9461645,1,4,3,68.36217718,1,1
9452,340.2280151,1,5,20,95.30371132,1,1
2684,341.2817294,1,4,23,83.02278775,2,1
162,342.1597046,1,4,6,81.11273062,5,1
8727,343.8176283,1,2,16,72.60716707,1,1
3390,346.5416664,1,5,7,69.47525444,3,1
4400,350.2598564,1,4,23,74.94663952,4,1
3222,351.9196971,1,5,19,64.73016538,1,1
3334,353.6737969,3,5,12,56.87837182,3,1
3429,360.3244256,1,5,1,79.71779447,2,1
997,360.5222811,3,5,9,77.14456067,2,1
6158,364.9255861,1,5,18,78.18782093,2,1
1162,365.711763,1,3,3,91.02797907,1,1
681,366.1408745,2,3,7,51.19228549,1,1
1671,367.1737207,1,5,21,60.93024241,5,1
7189,368.5980297,1,5,24,74.31376654,0,1
864,376.5867421,2,3,24,67.82058408,1,1
2038,383.5397456,1,5,2,63.33372047,5,1
2030,390.0693191,1,4,23,74.02194055,1,1
9653,391.1749332,1,3,15,67.50414773,4,1
2334,398.5949496,2,3,16,78.73506007,0,1
1133,402.7961331,1,5,1,66.69565798,2,1
9016,406.7888305,2,5,15,92.99295665,2,1
6841,408.3664533,1,5,3,72.27657022,2,1
9530,411.1092605,1,5,22,52.20748003,3,1
250,430.8502601,1,4,10,80.99726427,3,1
6461,431.4303375,2,4,12,80.95198286,2,1
3678,434.4525606,1,5,16,85.85091657,3,1
1764,444.3240582,3,1,8,71.64643198,3,1
2593,447.0958436,1,5,20,77.19064395,0,1
9410,470.2894984,2,5,20,80.61812118,0,1
472,490.2334431,3,5,10,73.93509897,3,1
4657,503.3726162,1,5,8,84.5598439,1,1
